TITLE = "m6_roundtip_xcoarse boundary surfaces"
VARIABLES = "X", "Y", "Z"
ZONE T="wall", N=903, E=1772, F=FEPOINT, ET=TRIANGLE
0.690684127 0 1.1963
0.80610637 0 -2.77555756e-17
1.14371591 0 1.1963
-2.08166817e-17 0 -2.77555756e-17
0.814197408 0 0.0286701289
0.822288446 0 0.0573402578
0.830379484 0 0.0860103867
0.838470522 0 0.114680516
0.846561561 0 0.143350645
0.854652599 0 0.172020773
0.862743637 0 0.200690902
0.870834675 0 0.229361031
0.878925713 0 0.25803116
0.887016751 0 0.286701289
0.89510779 0 0.315371418
0.903198828 0 0.344041547
0.911289866 0 0.372711676
0.919380904 0 0.401381805
0.927471942 0 0.430051934
0.93556298 0 0.458722062
0.943654019 0 0.487392191
0.951745057 0 0.51606232
0.959836095 0 0.544732449
0.967927133 0 0.573402578
0.976018171 0 0.602072707
0.984109209 0 0.630742836
0.992200247 0 0.659412965
1.00029129 0 0.688083094
1.00838232 0 0.716753223
1.01647336 0 0.745423351
1.0245644 0 0.77409348
1.03265544 0 0.802763609
1.04074648 0 0.831433738
1.04883751 0 0.860103867
1.05692855 0 0.888773996
1.06501959 0 0.917444125
1.07311063 0 0.946114254
1.08120167 0 0.974784383
1.08929271 0 1.00345451
1.09738374 0 1.03212464
1.10547478 0 1.06079477
1.11356582 0 1.0894649
1.12165686 0 1.11813503
1.12941376 0 1.14562117
1.13534165 0 1.16662632
1.13967039 0 1.18196494
0.776746136 0.00384143098 0
0.738569604 0.00880844044 0
0.685936217 0.014911601 0
0.628241485 0.0207350769 0
0.570490314 0.0259713127 0
0.512694357 0.0306867969 0
0.454843918 0.034673866 0
0.396930337 0.0375940421 0
0.338965069 0.0391736004 0
0.280978496 0.0393405543 0
0.223003202 0.0381710328 0
0.165067089 0.0357412529 0
0.107215917 0.0317923987 0
0.0559622539 0.0262289888 0
0.019420963 0.0195042424 0
0.0194204982 -0.0195041215 0
0.0559688578 -0.0262298449 0
0.10722329 -0.0317930334 0
0.165073525 -0.035741626 0
0.223008694 -0.038171203 0
0.280983037 -0.0393405953 0
0.338968657 -0.0391735344 0
0.39693297 -0.0375939373 0
0.454845594 -0.0346737285 0
0.512695083 -0.0306867329 0
0.570490094 -0.0259713729 0
0.628240313 -0.0207351934 0
0.685934093 -0.0149117811 0
0.738567535 -0.00880876708 0
0.776755315 -0.00384023886 0
0.0147739736 0 0.0255892729
0.0295479472 0 0.0511785458
0.0443219208 0 0.0767678187
0.0590958944 0 0.102357092
0.073869868 0 0.127946364
0.0886438416 0 0.153535637
0.103417815 0 0.17912491
0.118191789 0 0.204714183
0.132965762 0 0.230303456
0.147739736 0 0.255892729
0.16251371 0 0.281482002
0.177287683 0 0.307071275
0.192061657 0 0.332660548
0.20683563 0 0.358249821
0.221609604 0 0.383839093
0.236383578 0 0.409428366
0.251157551 0 0.435017639
0.265931525 0 0.460606912
0.280705498 0 0.486196185
0.295479472 0 0.511785458
0.310253445 0 0.537374731
0.325027419 0 0.562964004
0.339801393 0 0.588553277
0.354575366 0 0.614142549
0.36934934 0 0.639731822
0.384123313 0 0.665321095
0.398897287 0 0.690910368
0.413671261 0 0.716499641
0.428445234 0 0.742088914
0.443219208 0 0.767678187
0.457993181 0 0.79326746
0.472767155 0 0.818856733
0.487541129 0 0.844446006
0.502315102 0 0.870035278
0.517089076 0 0.895624551
0.531863049 0 0.921213824
0.546637023 0 0.946803097
0.561410997 0 0.97239237
0.57618497 0 0.997981643
0.590958944 0 1.02357092
0.605732917 0 1.04916019
0.620506891 0 1.07474946
0.635280865 0 1.10033873
0.650054838 0 1.12592801
0.664360313 0 1.15070582
0.675268505 0 1.16959936
0.68329714 0 1.18350536
0.700087433 0.0104135447 1.1963
0.714550404 0.0136390884 1.1963
0.729260234 0.0156546208 1.1963
0.744022759 0.0172414433 1.1963
0.758816641 0.0185048689 1.1963
0.773629588 0.0195219624 1.1963
0.78845464 0.0203447848 1.1963
0.803287863 0.0210045467 1.1963
0.818126941 0.0215162134 1.1963
0.832970298 0.0218833019 1.1963
0.847816576 0.0221021687 1.1963
0.862664324 0.0221659209 1.1963
0.877511863 0.0220663376 1.1963
0.89235739 0.021801694 1.1963
0.90719901 0.0213708143 1.1963
0.922035038 0.0207775195 1.1963
0.93686426 0.0200330651 1.1963
0.951686021 0.0191522694 1.1963
0.966500297 0.0181532628 1.1963
0.981307573 0.0170552256 1.1963
0.996108617 0.0158760642 1.1963
1.01090419 0.0146300396 1.1963
1.02569471 0.0133254836 1.1963
1.04048004 0.011963314 1.1963
1.0552593 0.0105368159 1.1963
1.0700309 0.0090331314 1.1963
1.08479291 0.0074381884 1.1963
1.09954231 0.00573077516 1.1963
1.1142707 0.00385055294 1.1963
1.12899342 0.00192618286 1.1963
1.12899342 -0.00192618286 1.1963
1.1142707 -0.00385055294 1.1963
1.09954231 -0.00573077516 1.1963
1.08479291 -0.0074381884 1.1963
1.0700309 -0.0090331314 1.1963
1.0552593 -0.0105368159 1.1963
1.04048004 -0.011963314 1.1963
1.02569471 -0.0133254836 1.1963
1.01090419 -0.0146300396 1.1963
0.996108617 -0.0158760642 1.1963
0.981307573 -0.0170552256 1.1963
0.966500297 -0.0181532628 1.1963
0.951686021 -0.0191522694 1.1963
0.93686426 -0.0200330651 1.1963
0.922035038 -0.0207775195 1.1963
0.90719901 -0.0213708143 1.1963
0.89235739 -0.021801694 1.1963
0.877511863 -0.0220663376 1.1963
0.862664324 -0.0221659209 1.1963
0.847816576 -0.0221021687 1.1963
0.832970298 -0.0218833019 1.1963
0.818126941 -0.0215162134 1.1963
0.803287863 -0.0210045467 1.1963
0.78845464 -0.0203447848 1.1963
0.773629588 -0.0195219624 1.1963
0.758816641 -0.0185048689 1.1963
0.744022759 -0.0172414433 1.1963
0.729260234 -0.0156546208 1.1963
0.714550404 -0.0136390884 1.1963
0.700087433 -0.0104135447 1.1963
0.82322469 0.0220745684 1.18014
0.312929059 0.0198382874 0.48301121
0.880474464 0.0041005633 0.37457982
0.42642677 0.017214513 0.693303643
1.01804688 0.00489931927 0.88380984
0.634950136 0.0161265563 1.04110553
0.886961663 0.0219625681 1.18691237
0.949287967 0.00369086294 0.607320068
0.544969847 0.0161965924 0.895746184
0.837769013 0.00401380914 0.220904637
0.943687739 0.0194405385 1.1799153
1.05045643 0.00376097649 0.967705891
0.916719754 0.00371376432 0.492536158
0.366283504 0.0177682857 0.590001659
0.489559729 0.0167874792 0.800040586
0.248023179 0.0190630295 0.38471165
0.970473997 0.00488563534 0.71478771
0.750461393 0.018463157 1.18494226
0.988604581 0.0161844517 1.18147995
0.541201295 0.0295764227 0.0577365616
0.191568022 0.0194991079 0.28809122
0.808670394 0.00478351723 0.138644326
1.06589642 0.00483043059 1.05159951
0.677440767 0.0145880076 1.12640154
0.999904553 0.0040356226 0.796016271
0.595428129 0.0162236734 0.976739124
0.142004902 0.0192828485 0.207325979
0.376499064 0.0382094649 0.0448505887
1.06150487 0.00960555041 1.18529558
0.659516631 0.0189799656 0.0487091148
0.721756594 0.0157322863 1.18350124
0.780115818 0.0203685998 1.18493814
0.854022204 0.0223418678 1.18411076
0.914332379 0.0210497483 1.18336025
1.01721019 0.0138246336 1.18519874
1.08047192 0.00501479817 1.1083592
0.10089904 0.0206665359 0.129041605
0.250631402 0.0375994355 0.0485888101
1.09475422 0.00596394231 1.18608559
0.787508538 0.00440389061 0.053374951
0.922870451 0.00448768099 0.53529393
0.873506305 0.0101778635 0.522665434
0.955248314 0.00447908001 0.649791671
0.925830042 0.00962003504 0.693337194
0.889446158 0.00459901166 0.41987205
0.839813898 0.0103977456 0.408384009
0.822298309 0.0106505 0.353363744
0.782711782 0.0160118918 0.393183104
0.766226887 0.0160997352 0.335570827
0.725451648 0.0210031066 0.378049566
0.709138661 0.0211033194 0.320066768
0.667482479 0.0255702412 0.36299379
0.68366603 0.0254203298 0.42088004
0.625684519 0.0292701962 0.405936054
0.64179582 0.0289970726 0.46347777
0.609551465 0.0295209845 0.348146249
0.567619343 0.032141313 0.390855628
0.551470182 0.0325646393 0.333114217
0.593374807 0.0297550679 0.290264808
0.535393679 0.0329522241 0.275421942
0.493377738 0.0344320199 0.31818766
0.477265032 0.0350401458 0.260398229
0.435260751 0.0350450169 0.303087034
0.419211492 0.0358959277 0.245563564
0.451442653 0.0341306082 0.36114052
0.577281635 0.0299701671 0.232567461
0.699805645 0.0252627654 0.478668343
0.657946453 0.0287038388 0.521516529
0.599886361 0.0311846235 0.506587648
0.616005678 0.0306418322 0.564379283
0.674075041 0.0283822917 0.579307231
0.632123479 0.030048753 0.622170846
0.690201873 0.0280306142 0.637098248
0.648240054 0.029404405 0.679962202
0.706260307 0.027647212 0.694787995
0.66435565 0.0287056901 0.737753199
0.722449977 0.0272203475 0.752681127
0.680470411 0.0279432077 0.795543623
0.738571182 0.0267526401 0.810472891
0.557899661 0.0315071152 0.549448038
0.748218619 0.0247205743 0.652034806
0.33735999 0.0181498105 0.53923383
0.455928813 0.0170588563 0.742785047
0.507373445 0.0160240763 0.836494977
0.39693033 0.0174542186 0.642957396
0.272733113 0.0168346989 0.441517246
0.209968769 0.0186041618 0.325278761
0.244456575 0.0269679091 0.285173932
0.393489872 0.0247837201 0.54568788
0.461147997 0.0356037833 0.202609627
0.479675872 0.0237140703 0.692549175
0.6965637 0.0271149963 0.853193952
0.754690514 0.0262363217 0.868264763
0.796619939 0.0240307705 0.825403839
0.812750407 0.0237545448 0.88319425
0.770746224 0.0256664251 0.925715658
0.828810702 0.0234509182 0.940848365
0.786923705 0.0250305181 0.983848342
0.84493854 0.0231101089 0.998638858
0.803038214 0.0243340441 1.04163967
0.861129216 0.0227268452 1.05656791
0.687038588 0.0115107019 1.16878538
0.886874978 0.0198155389 0.955926768
1.03566361 0.00976673395 1.09645571
0.854596354 0.0201122571 0.840349759
0.394032864 0.0333243016 0.34586971
0.403095897 0.0366982434 0.187773911
0.539927241 0.0228018333 0.797647763
0.0615794432 0.0192661259 0.0724151456
0.445078104 0.0361243125 0.144911749
0.409465779 0.0320572071 0.403961578
0.818861966 0.0235183167 1.10266281
0.72894241 0.0252326531 0.96907075
0.361104188 0.0355713474 0.230615789
0.344986577 0.0366205581 0.172830655
0.855440854 0.00392357575 0.281079936
0.838192422 0.0202504206 0.781738172
0.799498958 0.015892124 0.450797052
0.503138303 0.0336449173 0.159840441
0.635205388 0.0258436267 0.247426678
0.61908526 0.0259655971 0.189488253
0.676976025 0.0212630457 0.204590197
0.541784503 0.032321553 0.491658434
1.11618317 0.00234726254 1.16231196
0.750507492 0.0160945029 0.277448347
0.877215213 0.0222918442 1.11162038
0.918297374 0.0195020706 1.06997333
0.629826597 0.0262034078 0.837075171
0.590130012 0.0296933534 0.665024345
0.895929043 0.0155308935 0.796455443
0.912513142 0.015441068 0.855310564
0.65496754 0.0252216145 0.896273425
0.499794154 0.0310360595 0.534497179
0.515914021 0.0298723184 0.592279492
0.467558831 0.0331616603 0.418927456
0.761047269 0.0230292806 1.08447725
0.660161171 0.0214341756 0.148036634
0.718497195 0.0161487447 0.161797543
0.601304342 0.0263184687 0.136168854
0.298390895 0.0261133301 0.380548072
0.114897056 0.0270073974 0.0836801746
0.30334307 0.0342692208 0.213427364
0.287421543 0.0354933706 0.158025881
0.246655061 0.0319850343 0.196859914
0.22217927 0.033295607 0.134155045
0.933376542 0.0193676905 1.12742366
0.717862157 0.0184507167 1.13709858
1.01486221 0.0103768984 1.0419038
1.12410557 0.00201459479 1.18137445
0.0362973738 0.0202477359 0.0242811204
0.428684551 0.0308861085 0.461530953
0.308900745 0.0322981799 0.273354722
0.77279623 0.0219418161 1.13251162
0.372104922 0.0281953964 0.452145596
0.457851903 0.0278771554 0.577285833
0.491170433 0.0337281307 0.10342022
0.32816288 0.037575804 0.116502905
0.700423624 0.0162974191 0.100861659
0.151617818 0.0275690637 0.133423529
0.181314498 0.0330328933 0.0835232993
0.712410013 0.0132148621 0.0395903986
1.08888464 0.005414953 1.14932221
0.426488292 0.0366976007 0.0860274067
1.10850161 0.00406325798 1.18165648
0.706956785 0.0136500803 1.18391924
0.845034555 0.0229465912 1.13971048
0.934340366 0.0104848728 0.752442808
0.879974986 0.0155584867 0.737635562
0.864311007 0.0155800919 0.679852947
0.821779412 0.0204096014 0.724475278
1.03840327 0.0107913067 1.14349605
0.862554673 0.00959121541 0.464866771
0.905542311 0.0101522176 0.637339123
0.84825109 0.0156607878 0.623059172
0.757771748 0.0107181747 0.123808312
0.741608786 0.0209086794 0.435846698
0.757737758 0.0208124782 0.49363844
0.815915947 0.0158105917 0.508562155
0.773838708 0.0207028456 0.550923871
0.83210739 0.015726807 0.565503105
0.715881366 0.0250965606 0.53629687
0.733936401 0.0161776464 0.21952281
0.693024449 0.0211875233 0.262312919
0.87068842 0.0199707907 0.898018772
0.928658383 0.0153614726 0.913097879
0.943875967 0.0153494891 0.970401861
0.981178516 0.0105573002 0.925164663
0.651325204 0.0257115218 0.305185147
0.902706779 0.0196624476 1.01320374
0.483818733 0.032137456 0.476571437
0.560640422 0.0302102101 0.174882408
0.519266681 0.033311876 0.217631137
0.74485661 0.0241823144 1.02635407
0.707729397 0.0208498662 1.07636677
0.731867958 0.024926614 0.594038303
0.583731561 0.0316833749 0.448539682
0.780137828 0.0243005498 0.767349205
0.384990443 0.037438228 0.132937556
0.60642196 0.0287317876 0.720968764
0.548039812 0.0273437551 0.70690837
0.621337862 0.0276525841 0.777888526
0.530521137 0.0286066307 0.649172634
0.377927616 0.0344632834 0.289090131
0.5448883 0.0303717404 0.117023155
0.713108617 0.0262097271 0.911426615
0.68450018 0.0219863508 1.01924108
0.670382459 0.0238119567 0.955333712
0.509512569 0.0337781989 0.376088421
0.525665179 0.0330771509 0.433882616
0.573616391 0.030639371 0.606687406
0.336034445 0.0312663979 0.334326558
0.738646918 0.0172982151 1.18725529
0.743815619 0.0187177138 1.17053553
0.809663293 0.0222759135 1.16004133
0.765462207 0.0195630696 1.18416085
0.974325865 0.0152275667 1.08166087
0.991833959 0.0149968309 1.13894483
0.795024233 0.0210977805 1.18377624
0.841088009 0.0222550173 1.18480181
0.810693563 0.0216617508 1.18352529
0.806213136 0.0204831053 0.666822093
0.899145894 0.0216329235 1.18544177
0.890668164 0.0219035359 1.16623952
0.931450537 0.0199857459 1.16345198
0.870089119 0.0222690452 1.18351983
1.03370957 0.0121515253 1.1784089
1.00521173 0.0149048782 1.18662131
0.960730631 0.0183983443 1.18631421
0.97308737 0.0174783312 1.18525141
0.930610413 0.020261777 1.18470137
1.04892688 0.0108692981 1.18535141
1.07923018 0.00754704115 1.17975277
0.789867621 0.0206027426 0.608576242
0.763908588 0.0245394095 0.709745046
0.964924406 0.0106699655 0.869822663
0.469853356 0.0264904634 0.624861727
0.959052846 0.0153159808 1.02690799
0.895222894 0.00950490079 0.579499662
0.96478953 0.0178096557 1.16904713
0.604363981 0.0241252448 0.0492099486
0.770644523 0.0109590588 0.17741584
0.317238075 0.0385614847 0.0584171821
0.562787726 0.0218980894 0.847317007
0.267426644 0.0260582443 0.334009068
1.01069188 0.0140156757 1.16848519
1.00257463 0.00995628537 0.982375267
1.0978496 0.0049872427 1.16924867
0.954167141 0.0100576294 0.810043773
0.272326512 0.0367235298 0.101435401
0.445207401 0.0295647541 0.518545295
0.178524766 0.0269448055 0.183919008
0.594206267 0.0219116221 0.893358344
0.47521825 0.0339977134 0.0458213097
0.848189608 0.0225514811 1.16964387
0.811607898 0.00998057822 0.294166162
0.79494472 0.00992681802 0.232874577
0.507723477 0.022734276 0.751011852
0.0818650757 0.0264680947 0.0383271666
0.757478437 0.00748104182 0.0305689376
0.635172509 0.0194684846 0.996108289
0.355412205 0.0299960125 0.390145985
0.20510515 0.0261406925 0.236372552
0.773554538 0.0206047943 1.17047487
0.639519381 0.0220888853 0.096973405
1.00760817 0.00457223159 0.837878106
0.361391744 0.0241967185 0.505908254
0.824408274 0.00440277413 0.184097563
1.05546224 0.00980379858 1.17023111
1.05683471 0.00447038739 1.00960371
0.864735868 0.00424660994 0.32276675
0.985991894 0.00446686717 0.758405515
1.03436705 0.00444606651 0.929290977
0.788461222 0.00311771105 0.0219161109
0.416280263 0.0232967901 0.603530872
0.424797027 0.0365849057 0.0364011974
0.568767949 0.0264197245 0.757917545
0.141259117 0.0323203432 0.0404729193
0.131166163 0.0206022313 0.179513286
0.653880665 0.0153083049 1.08066991
0.308224248 0.0238464736 0.428370508
0.612474765 0.0145007381 1.02219854
0.195221263 0.0357619075 0.0385383515
0.692228928 0.00983567417 1.18517214
0.620492662 0.0215433747 0.938468574
0.577483428 0.0163973713 0.946009784
0.262896978 0.0310337114 0.239727736
0.796756708 0.00477614916 0.0962290823
0.75100466 0.00988382798 0.0746510499
0.225171422 0.035244326 0.0901485656
0.713841857 0.0157534598 1.17077361
0.582922527 0.0269172449 0.0921558163
1.08070965 0.00392913118 1.07948037
0.841719106 0.00462782803 0.251533911
0.939261815 0.00352448329 0.567285911
0.971794657 0.00346080994 0.680840079
0.906814074 0.00351945453 0.4521723
0.318115779 0.016962951 0.516789163
0.377978838 0.0165170847 0.619576429
0.34787454 0.0167547152 0.567820482
0.437830695 0.016359322 0.719715373
0.55678342 0.0154563044 0.922356909
0.265318789 0.0187888129 0.415473548
0.111454622 0.0191414988 0.157051242
0.158203111 0.0197180157 0.231191604
0.0790307618 0.0186860846 0.104897308
0.286712639 0.0171212311 0.46326599
0.169890646 0.0181201371 0.261192465
0.468649669 0.0160147359 0.77329722
0.226712071 0.0177669062 0.358726012
0.523685573 0.0153171723 0.869672591
0.408827544 0.0164341853 0.671306225
0.435828717 0.0220334453 0.651986955
0.600765815 0.0144838272 1.00328765
0.585814444 0.0254726782 0.804381896
0.403060132 0.0281307005 0.496870647
0.365213088 0.0380514497 0.090590633
0.827621699 -0.021999082 1.18699605
0.313429998 -0.019913374 0.483040602
0.87102479 -0.00491854169 0.363251731
0.419575486 -0.0163318035 0.68987178
1.01804688 -0.00489932301 0.883809935
0.634044376 -0.0160165205 1.04092632
0.886970562 -0.0219623658 1.18691324
0.941582424 -0.0038104329 0.583254621
0.548844357 -0.0158943645 0.905111826
0.834403052 -0.00506711172 0.237508395
0.943690697 -0.0194403229 1.17991306
1.05045643 -0.00376097632 0.967705891
0.909103717 -0.0038347564 0.468826418
0.486075345 -0.0168475641 0.793788351
0.366835454 -0.0178645849 0.590018575
0.248890167 -0.0192160463 0.38481886
0.971816791 -0.00419933136 0.700922761
0.750498077 -0.0184663854 1.18493609
0.988688349 -0.0162177985 1.18344371
0.541221466 -0.0295730954 0.0576434101
0.188515433 -0.0195573793 0.28258603
0.808670394 -0.00478351723 0.138644326
1.06811504 -0.00481020971 1.05891273
0.674595027 -0.0143985806 1.12383819
0.999911598 -0.00403476214 0.796017928
0.593962007 -0.0151573128 0.985654819
0.141876102 -0.0192639776 0.207235621
0.376596053 -0.0382069901 0.0449249777
1.06143956 -0.00951081256 1.1816874
0.662130373 -0.0187747178 0.0506366729
0.723570468 -0.016055918 1.18208722
0.780555687 -0.0204886574 1.18246126
0.855239513 -0.0223523358 1.18344321
0.914336987 -0.0210495464 1.18336017
1.01827396 -0.0136888184 1.18344457
1.08403151 -0.00423365214 1.09955702
0.101409169 -0.020069097 0.134285995
0.250688452 -0.0376006798 0.0486044241
1.09401976 -0.00605428484 1.18615688
0.788657031 -0.00420324325 0.052009473
0.956540194 -0.00460175143 0.657695118
0.910373824 -0.00952515611 0.634633882
0.924642941 -0.00452346967 0.542544093
0.878096068 -0.00957390937 0.520121439
0.892040518 -0.00455624923 0.427906778
0.845008797 -0.00973668897 0.406415912
0.821497452 -0.0106782307 0.351358844
0.783333752 -0.0159457746 0.393017411
0.76612493 -0.0161009908 0.335241084
0.725451648 -0.0210031066 0.378049566
0.709033547 -0.0211095676 0.319931346
0.667461046 -0.0255710199 0.36294693
0.683623323 -0.0254217283 0.420779159
0.625634897 -0.0292705588 0.405724121
0.641816224 -0.0289987587 0.463726143
0.609501041 -0.0295227396 0.348037572
0.567643101 -0.0321408957 0.391004447
0.551519172 -0.0325629998 0.333213091
0.593373078 -0.0297551404 0.290261875
0.535393679 -0.0329522241 0.275421942
0.493435627 -0.034430345 0.318286111
0.477317639 -0.0350385421 0.260494757
0.435326986 -0.0350409319 0.303352488
0.419134419 -0.035899754 0.245296722
0.451442653 -0.0341306082 0.36114052
0.577276858 -0.0299679409 0.232404938
0.699805645 -0.0252627654 0.478668343
0.657946453 -0.0287038388 0.521516529
0.599884303 -0.0311847377 0.506361365
0.616005678 -0.0306418322 0.564379283
0.674075041 -0.0283822917 0.579307231
0.632123479 -0.030048753 0.622170846
0.690201873 -0.0280306142 0.637098248
0.648240054 -0.029404405 0.679962202
0.706326867 -0.0276448082 0.69488956
0.66435565 -0.0287056901 0.737753199
0.722325439 -0.0272237372 0.752220081
0.557839234 -0.0315087579 0.549333845
0.680470411 -0.0279432077 0.795543623
0.738492857 -0.0267550103 0.810179389
0.780315001 -0.0242815183 0.766813683
0.796422283 -0.0240369496 0.824928268
0.754690484 -0.0262363225 0.868264772
0.812750369 -0.0237545474 0.883194289
0.770807873 -0.0256636248 0.926056655
0.828878816 -0.0234485324 0.940985115
0.786923616 -0.0250305194 0.983848367
0.845005099 -0.0231078549 0.998776351
0.803038094 -0.024334045 1.0416397
0.861129089 -0.0227268512 1.05656797
0.39798513 -0.017543184 0.643843185
0.27338751 -0.0170198151 0.441543349
0.219222918 -0.0194919973 0.333721133
0.238132036 -0.0261929429 0.286896444
0.33792662 -0.0182489612 0.539255008
0.516163669 -0.0166307542 0.844693709
0.457274092 -0.0175580665 0.739913864
0.393643623 -0.0247967849 0.545707361
0.461198503 -0.0356021988 0.202703272
0.485846814 -0.0242580262 0.691975346
0.689304967 -0.0112849398 1.17385399
0.886874903 -0.0198155461 0.955926845
0.838320552 -0.0202504652 0.782248894
0.731811903 -0.0249263525 0.593784071
1.03168747 -0.0100714669 1.09266171
0.394066261 -0.0333358379 0.345512757
0.403095897 -0.0366982434 0.187773911
0.535654179 -0.0223004794 0.800047548
0.0724262824 -0.0190856875 0.0916751006
0.444996473 -0.0361269444 0.144773162
0.712698965 -0.0262116531 0.911121647
0.409465779 -0.0320572071 0.403961578
0.818861834 -0.0235183161 1.10266286
0.361104188 -0.0355713474 0.230615789
0.344905644 -0.0366217073 0.172718974
0.855545602 -0.00357770034 0.272082271
0.822169182 -0.0203612029 0.723716801
0.799498958 -0.015892124 0.450797052
0.503104813 -0.0336457782 0.159740695
0.635201695 -0.0258437663 0.247418795
0.619100515 -0.0259693745 0.18972852
0.676981313 -0.0212628303 0.204601296
0.541784503 -0.032321553 0.491658434
1.11595905 -0.00240973474 1.16320998
0.750650024 -0.016079496 0.27742459
0.744929519 -0.0241753227 1.02669419
0.875235853 -0.0223849198 1.11903806
0.919148534 -0.0194665508 1.07150499
0.590130012 -0.0296933534 0.665024345
0.499794154 -0.0310360595 0.534497179
0.515914021 -0.0298723184 0.592279492
0.880073886 -0.015568916 0.738421862
0.895781144 -0.0155574009 0.796970723
0.467558831 -0.0331616603 0.418927456
0.660161369 -0.0214350227 0.148072239
0.718500244 -0.0161486545 0.161805493
0.601351494 -0.0263122734 0.136061329
0.298764236 -0.0261626255 0.380351575
0.121742707 -0.0277505693 0.0844681302
0.303299646 -0.0342669515 0.213441195
0.287387656 -0.0354929235 0.158001297
0.246565422 -0.0319789369 0.196868133
0.222186998 -0.0332948955 0.134181769
0.933376349 -0.0193677048 1.12742373
0.71952952 -0.0188384122 1.13280214
1.01453745 -0.0104042964 1.04168733
1.12410557 -0.00201459479 1.18137445
0.0383425034 -0.0198949207 0.0297954402
0.428706187 -0.0308853305 0.461579402
0.308337561 -0.0322669302 0.273397443
0.621673087 -0.0277217334 0.77553169
0.629410607 -0.0262260281 0.835890034
0.372185132 -0.0281985661 0.452194269
0.457851903 -0.0278771554 0.577285833
0.491152168 -0.0337286185 0.103369012
0.328290192 -0.0375747035 0.116634823
0.702584849 -0.0161656182 0.104090041
0.158742605 -0.0284479128 0.131667311
0.179419648 -0.0327910862 0.0858723023
0.761047127 -0.0230292759 1.08447726
0.772841293 -0.0220260856 1.12999377
0.715021661 -0.0130166677 0.0425789717
1.08375229 -0.00597509392 1.14713233
0.426499508 -0.0366972229 0.0860425211
1.10807808 -0.00415320695 1.18261578
0.707759615 -0.0209094668 1.07511816
0.684990325 -0.0219871367 1.0198858
0.707083261 -0.0137093551 1.18350798
0.839575617 -0.0229662115 1.14046466
0.933557739 -0.010507176 0.750351118
0.919382236 -0.010325385 0.69300012
0.864026154 -0.0155913588 0.679230804
0.848218605 -0.0156311403 0.621787614
0.806323076 -0.020436839 0.665109403
1.03836736 -0.0106018372 1.13635773
0.856961431 -0.0101995564 0.46380391
0.759717008 -0.0105072904 0.124350462
0.764246472 -0.0244998565 0.708648863
0.741568981 -0.0209099005 0.43574708
0.757770674 -0.0208093846 0.493628799
0.733972107 -0.0161743149 0.219533287
0.69306292 -0.0211849231 0.262350014
0.651252365 -0.025714623 0.305047753
0.715839926 -0.0250980249 0.536205625
0.773791674 -0.0207134155 0.551215125
0.815822402 -0.0157822947 0.507140458
0.902918026 -0.0196529717 1.01355567
0.94386982 -0.0153495174 0.970379655
0.928658431 -0.0153614745 0.913098139
0.981178279 -0.0105572388 0.925161663
0.483820886 -0.0321374411 0.476573856
0.560746214 -0.0302021121 0.17484745
0.544842897 -0.0303752712 0.117035846
0.519266681 -0.033311876 0.217631137
0.606323857 -0.0287530042 0.719964312
0.548450048 -0.027430077 0.704983814
0.854485625 -0.0201130011 0.8399432
0.912513208 -0.0154410588 0.855310437
0.87074861 -0.0199617249 0.897795632
0.531363027 -0.0286474937 0.64889296
0.584066669 -0.0316709263 0.448352239
0.384972349 -0.0374381747 0.132958012
0.375772416 -0.0344440315 0.287693508
0.69759172 -0.0271197087 0.853052399
0.509512569 -0.0337781989 0.376088421
0.525665179 -0.0330771509 0.433882616
0.573696107 -0.030640873 0.606631503
0.728405399 -0.0252145467 0.969488471
0.67170919 -0.0238886279 0.954897658
0.654759326 -0.0252069253 0.896481114
0.889644834 -0.0100938477 0.578119516
0.738761227 -0.0173232154 1.18703345
0.74347263 -0.0187827096 1.16881819
0.803371229 -0.0221891065 1.15734335
0.747995834 -0.0247268085 0.651450345
0.765602799 -0.0196131269 1.18325844
0.973836153 -0.0152633395 1.08134762
0.988005147 -0.015191739 1.1328443
0.839863488 -0.0222297447 1.18540301
0.812996928 -0.0217884468 1.18144297
0.899156864 -0.0216325701 1.18544379
0.893231656 -0.021819789 1.16764189
0.931614548 -0.0199768069 1.16352656
0.872000918 -0.0222448587 1.18366789
1.03296815 -0.0123858694 1.18502663
1.0024446 -0.0151091544 1.18516248
0.960735077 -0.0183979664 1.18631012
0.973182687 -0.0174756335 1.18549883
0.930654922 -0.0202595887 1.18472456
1.04647143 -0.0110289149 1.1822956
1.07722516 -0.00766531404 1.17636147
0.792485206 -0.0211815244 1.17830496
0.964924345 -0.0106699532 0.869822019
0.471328999 -0.0265038831 0.626621601
0.959361821 -0.0153023763 1.02750399
0.966476472 -0.0177090185 1.17049008
0.604875892 -0.024084853 0.0494274331
0.771071157 -0.0109169359 0.177638204
0.335708792 -0.0312765477 0.333650345
0.317282495 -0.0385615099 0.0584301421
0.831418991 -0.0157987095 0.565706167
0.789718578 -0.0206006642 0.607902069
0.563677771 -0.0218325095 0.849767917
0.267982013 -0.0260447635 0.335061637
1.02893767 -0.0123881797 1.16996634
1.00250742 -0.00996348804 0.982377889
1.09564918 -0.00529132419 1.1698878
0.954029209 -0.0100616341 0.809677341
0.272426498 -0.0367249863 0.10149225
0.445207401 -0.0295647541 0.518545295
0.180085477 -0.0271183073 0.18390441
0.475211637 -0.0339978007 0.045795798
0.598912654 -0.0222400664 0.894016769
0.860741371 -0.0225637836 1.16302596
0.809760771 -0.0100805431 0.290605952
0.786072775 -0.0109230484 0.231705097
0.50799875 -0.0227953815 0.750399029
0.0818720618 -0.0264687246 0.0383305744
0.759928925 -0.00718537477 0.0311600086
0.355394895 -0.030004797 0.38992224
0.635304601 -0.0193284886 0.998510794
0.20671656 -0.0260796418 0.239718107
0.777543266 -0.0209975617 1.16525795
0.640585024 -0.0220058331 0.0975722619
1.00756214 -0.00457568349 0.837808907
0.361662668 -0.0242237678 0.50592454
1.00064863 -0.0148630866 1.16705063
0.822944143 -0.00469047766 0.186702601
1.05572479 -0.0096476336 1.16562143
0.686018315 -0.0131246778 1.15508004
1.05731521 -0.00446877201 1.01126311
0.862419026 -0.00438168398 0.318215908
0.986100172 -0.00435283107 0.755696118
1.03436119 -0.00444666156 0.929286417
0.789128633 -0.00302628706 0.0218052959
0.416567342 -0.023277086 0.60426608
0.425123631 -0.0365742519 0.0371124493
0.568580961 -0.0263889571 0.75850801
0.138983796 -0.0322288811 0.0388753467
0.620771083 -0.0214861376 0.939946273
0.57551037 -0.0167173923 0.9393068
0.131377174 -0.0216448768 0.170498985
0.652860874 -0.0152475749 1.07970364
0.312502094 -0.0242588283 0.429429919
0.195131028 -0.0357619793 0.0384213066
0.693114163 -0.00966163176 1.18729442
0.26246116 -0.0309692102 0.240455476
0.797874622 -0.00461338007 0.09578138
0.6143507 -0.0148514074 1.02177768
0.224073176 -0.0352871862 0.0876256072
0.753622047 -0.00957937203 0.0751584118
0.714282966 -0.0163498754 1.16361917
0.833740995 -0.0224388905 1.17132368
0.58225404 -0.026966183 0.0918495721
0.887204521 -0.00392040865 0.393547553
0.922077628 -0.00355202476 0.507140402
0.954337249 -0.00356172492 0.62171396
0.159142526 -0.0198316219 0.231877156
0.407210992 -0.0161415417 0.670864636
0.438926353 -0.0174712441 0.711096355
0.288132295 -0.0173989368 0.463826871
0.0515072035 -0.0189690914 0.0569390681
0.229632672 -0.0180975134 0.361512364
0.16951748 -0.0181921495 0.260156453
0.497257631 -0.0158098304 0.82198955
0.349312453 -0.0171642691 0.56718784
0.527505901 -0.0154801284 0.874445686
0.378483021 -0.0165978949 0.619816522
0.468080321 -0.0161819537 0.770887939
0.319661263 -0.0173376437 0.516734503
0.266412509 -0.018990621 0.415533002
0.199610081 -0.018201895 0.310620099
0.58513206 -0.0254193716 0.804855849
0.443681015 -0.0223089199 0.660215458
0.365267359 -0.0380497832 0.0907052901
0.403240562 -0.0281344892 0.497039359
0.700256964 -8.53358246e-05 1.20677964
0.713729792 0.0021930028 1.20963237
0.707269368 -0.00881614401 1.2050179
0.707233163 0.00876207917 1.20506208
0.981233348 -0.0100050026 1.2101194
0.97319681 -4.99600361e-14 1.21396788
0.988746995 -5.21804822e-14 1.21277173
0.981233348 0.0100050026 1.2101194
0.736595963 5.29017093e-06 1.21279007
0.752072765 3.24185123e-14 1.21426373
0.744027833 -0.0101223736 1.21025785
0.744028794 0.0101250074 1.21025605
0.755480751 -0.0125519263 1.20953977
0.755481156 0.0125521684 1.20953958
0.969802931 -0.0123390578 1.20929007
0.969802931 0.0123390578 1.20929007
0.79860892 -0.0148485992 1.21088409
0.793567552 -6.57918164e-13 1.2168896
0.806991465 -1.1155521e-12 1.21744585
0.79860892 0.0148485992 1.21088409
0.766894012 2.81996648e-14 1.21538624
0.91835981 -3.46389584e-14 1.21723907
0.93176633 -3.90798505e-14 1.21660523
0.926725379 -0.0146623395 1.21070969
0.926725379 0.0146623395 1.21070969
0.955095629 -0.013067078 1.20999956
0.944948047 -4.37427872e-14 1.21586855
0.958410115 -4.75175455e-14 1.21501238
0.955095629 0.013067078 1.20999956
0.784338324 -0.0143359764 1.21043673
0.780370969 -2.20046203e-13 1.21621798
0.784338324 0.0143359764 1.21043673
0.940987027 -0.0140935102 1.21020884
0.940987027 0.0140935102 1.21020884
0.993274261 -0.0112311359 1.20784606
1.00354019 -5.30686606e-14 1.21155795
0.993274261 0.0112311359 1.20784606
0.770207594 -0.0133253962 1.2102696
0.770207594 0.0133253962 1.2102696
1.05982048 -3.82116069e-07 1.20638155
1.07770739 -4.17443857e-14 1.2045156
1.09216973 -3.44169138e-14 1.20290286
0.733376546 -0.011701944 1.20740962
0.733633628 0.0117450957 1.20740622
1.00594942 -0.0111184584 1.20644926
1.01485912 -5.32907052e-14 1.21058679
1.00594942 0.0111184584 1.20644926
0.721960069 -0.0107815774 1.20631716
0.724916864 8.11051638e-05 1.21141033
0.870216723 -0.0179027183 1.20932016
0.862670609 -0.0145034795 1.21306236
0.87018561 -1.82012183e-11 1.21843688
0.862670609 0.0145034795 1.21306236
0.870216723 0.0179027183 1.20932016
0.85564581 -3.75888209e-11 1.21845546
0.855406554 -0.0172677369 1.21017971
0.840529307 -1.32542866e-11 1.21831369
0.847808379 -0.0141817867 1.21325227
0.840280929 -0.0175989848 1.20951805
0.855406554 0.0172677369 1.21017971
0.840280929 0.0175989848 1.20951805
0.847808379 0.0141817866 1.21325227
1.02756613 -1.33254733e-07 1.20945635
1.03475566 -0.00871154388 1.20526135
1.0347554 0.00871139209 1.20526153
0.885109147 -0.0175695696 1.20945814
0.877637553 -0.0142121026 1.21317809
0.884822125 -2.17603713e-14 1.21825566
0.877637553 0.0142121026 1.21317809
0.885109147 0.0175695696 1.20945814
1.04400301 -4.23873649e-07 1.20792958
0.722542502 0.0109931138 1.20620317
1.01816159 -0.0102169976 1.20586712
1.01816167 0.0102168941 1.20586722
0.901107735 -2.88657986e-14 1.21786824
0.893277125 -0.0139828583 1.21299874
0.893277125 0.0139828583 1.21299874
0.901699385 -0.0171442291 1.20935719
0.913258949 -0.0149976675 1.21120924
0.901699385 0.0171442291 1.20935719
0.913258949 0.0149976675 1.21120924
0.832087314 -0.0140368746 1.2130651
0.824244349 -6.03161965e-12 1.2179851
0.832087314 0.0140368746 1.2130651
0.823655136 -0.0172393867 1.20942967
0.812089011 -0.0151302585 1.21132836
0.823655136 0.0172393867 1.20942967
0.812089011 0.0151302585 1.21132836
123 466 1
1 466 124
5 456 2
2 456 47
153 46 3
4 61 77
6 223 5
223 456 5
7 470 6
6 470 223
8 470 7
9 205 8
205 470 8
10 450 9
9 450 205
11 450 10
12 193 11
193 450 11
13 476 12
12 476 193
14 299 13
299 476 13
15 453 14
14 453 299
16 453 15
17 186 16
186 453 16
18 186 17
19 228 18
18 228 186
20 479 19
19 479 228
21 196 20
196 479 20
22 196 21
23 224 22
22 224 196
24 477 23
23 477 224
25 191 24
191 477 24
26 191 25
27 226 26
26 226 191
28 478 27
27 478 226
29 200 28
200 478 28
30 454 29
29 454 200
31 454 30
32 208 31
208 454 31
33 448 32
32 448 208
34 448 33
35 188 34
188 448 34
36 455 35
35 455 188
37 455 36
38 195 37
195 455 37
39 452 38
38 452 195
40 452 39
41 206 40
206 452 40
42 475 41
41 475 206
43 219 42
219 475 42
44 345 43
43 345 219
45 307 44
307 345 44
46 332 45
45 332 307
153 332 46
47 442 48
47 456 442
48 344 49
48 442 344
49 213 50
49 344 213
50 423 51
213 423 50
51 203 52
51 423 203
52 436 53
203 436 52
53 458 54
436 458 53
54 211 55
54 458 211
55 425 56
211 425 55
56 221 57
56 425 221
57 465 58
221 465 57
58 460 59
58 465 460
59 441 60
59 460 441
60 333 61
60 441 333
61 333 77
77 333 78
78 292 79
78 333 292
79 292 80
80 488 81
292 488 80
81 220 82
81 488 220
82 486 83
220 486 82
83 461 84
83 486 461
84 210 85
84 461 210
85 487 86
210 487 85
86 490 87
487 490 86
87 204 88
87 490 204
88 270 89
204 270 88
89 270 90
90 492 91
270 492 90
91 199 92
91 492 199
92 485 93
199 485 92
93 269 94
93 485 269
94 489 95
269 489 94
95 185 96
95 489 185
96 480 97
185 480 96
97 265 98
97 480 265
98 482 99
265 482 98
99 197 100
99 482 197
100 481 101
197 481 100
101 268 102
101 481 268
102 494 103
268 494 102
103 187 104
103 494 187
104 483 105
187 483 104
105 266 106
105 483 266
106 491 107
266 491 106
107 198 108
107 491 198
108 267 109
198 267 108
109 267 110
110 493 111
267 493 110
111 192 112
111 493 192
112 484 113
192 484 112
113 468 114
113 484 468
114 209 115
114 468 209
115 496 116
209 496 115
116 464 117
116 496 464
117 189 118
117 464 189
118 462 119
189 462 118
119 462 120
120 207 121
120 462 207
121 285 122
207 285 121
122 285 123
285 466 123
124 348 125
124 466 348
125 214 126
125 348 214
126 395 127
214 395 126
127 201 128
127 395 201
128 398 129
201 398 128
129 215 130
129 398 215
130 401 131
215 401 130
131 403 132
401 403 131
132 184 133
132 403 184
133 402 134
184 402 133
134 216 135
134 402 216
135 408 136
216 408 135
136 190 137
136 408 190
137 405 138
190 405 137
138 217 139
138 405 217
139 413 140
217 413 139
140 194 141
140 413 194
141 411 142
194 411 141
142 412 143
411 412 142
143 202 144
143 412 202
144 410 145
202 410 144
145 218 146
145 410 218
146 409 147
218 409 146
147 414 148
409 414 147
148 212 149
148 414 212
149 415 150
212 415 149
150 222 151
150 415 222
151 347 152
222 347 151
152 332 153
152 347 332
184 403 397
397 437 184
184 437 402
337 449 185
185 463 337
449 480 185
185 489 463
228 229 186
229 230 186
230 453 186
274 483 187
187 495 274
494 495 187
370 418 188
188 455 370
418 448 188
189 443 389
389 462 189
189 464 443
190 406 405
190 408 406
226 356 191
356 421 191
421 477 191
426 435 192
192 493 426
435 484 192
439 450 193
193 476 439
194 413 407
407 422 194
194 422 411
195 452 429
429 455 195
224 225 196
225 355 196
355 479 196
272 457 197
197 482 272
457 481 197
198 291 267
198 440 291
198 491 440
199 427 323
323 485 199
199 492 427
200 350 227
227 478 200
200 454 350
395 396 201
396 398 201
202 422 400
400 428 202
202 428 410
412 422 202
203 387 339
339 436 203
203 474 387
423 474 203
204 271 270
204 445 271
204 490 445
205 424 358
358 470 205
205 450 424
287 331 206
206 475 287
331 452 206
207 330 285
207 377 330
207 462 377
208 448 431
431 454 208
209 467 443
443 496 209
209 468 467
210 461 434
434 487 210
211 458 346
346 499 211
211 499 425
414 451 212
212 451 415
213 344 341
341 447 213
213 447 423
348 473 214
214 396 395
214 473 396
398 446 215
215 446 401
402 437 216
216 437 408
405 406 217
406 407 217
407 413 217
218 428 409
410 428 218
219 354 287
287 475 219
345 354 219
324 342 220
220 488 324
342 486 220
425 432 221
432 472 221
221 472 465
222 430 347
415 430 222
442 456 223
223 471 442
470 471 223
224 421 225
224 477 421
225 361 355
225 363 361
225 421 363
227 356 226
226 478 227
350 351 227
351 352 227
352 356 227
228 355 229
228 479 355
229 231 230
229 301 231
229 355 301
231 232 230
232 438 230
438 453 230
231 233 232
231 359 233
301 359 231
233 234 232
234 308 232
308 438 232
233 235 234
233 236 235
233 359 236
235 371 234
234 366 308
234 371 366
236 237 235
237 239 235
239 371 235
236 238 237
236 250 238
236 359 250
238 379 237
237 240 239
237 379 240
250 251 238
251 252 238
252 379 238
240 241 239
241 242 239
242 371 239
240 391 241
379 392 240
240 392 391
241 243 242
241 244 243
241 391 244
243 249 242
249 303 242
303 371 242
244 245 243
245 375 243
243 375 249
244 246 245
244 248 246
244 391 248
246 247 245
247 273 245
273 375 245
246 386 247
248 289 246
289 386 246
247 290 273
247 297 290
247 386 297
248 294 289
248 318 294
248 391 318
249 304 303
249 374 304
249 375 374
250 364 251
359 360 250
360 364 250
251 253 252
251 254 253
251 364 254
253 263 252
263 306 252
306 379 252
254 255 253
255 393 253
253 393 263
254 256 255
254 378 256
364 378 254
256 257 255
257 312 255
312 393 255
256 258 257
256 264 258
256 378 264
258 259 257
259 382 257
257 382 312
258 260 259
258 417 260
264 417 258
260 261 259
261 384 259
259 384 382
260 262 261
260 380 262
260 417 380
262 275 261
275 311 261
311 384 261
262 276 275
262 277 276
262 380 277
263 316 306
263 317 316
263 393 317
378 416 264
264 416 404
404 417 264
265 449 272
272 482 265
265 480 449
274 440 266
266 483 274
440 491 266
291 426 267
426 493 267
268 481 457
457 495 268
268 495 494
269 485 463
463 489 269
271 427 270
427 492 270
335 427 271
271 469 335
445 469 271
272 433 338
338 457 272
272 498 433
449 498 272
290 293 273
293 302 273
302 375 273
274 385 383
383 440 274
274 419 385
274 495 419
276 388 275
275 315 311
275 388 315
277 278 276
278 279 276
279 388 276
277 288 278
277 300 288
277 380 300
278 280 279
278 367 280
288 367 278
280 281 279
281 296 279
296 388 279
280 282 281
280 286 282
280 367 286
282 283 281
283 376 281
281 376 296
282 284 283
282 372 284
286 372 282
284 295 283
295 319 283
319 376 283
284 309 295
284 310 309
284 372 310
330 473 285
348 466 285
285 473 348
367 368 286
368 369 286
369 372 286
287 399 331
354 400 287
287 400 399
300 313 288
313 314 288
314 367 288
294 444 289
289 394 386
289 444 394
290 381 293
297 298 290
298 381 290
291 497 426
440 459 291
459 497 291
292 441 324
324 488 292
333 441 292
293 339 302
293 346 339
293 381 346
318 334 294
334 337 294
337 444 294
309 349 295
295 336 319
295 397 336
349 397 295
376 389 296
296 390 388
389 390 296
297 325 298
297 335 325
297 386 335
325 326 298
326 340 298
340 381 298
299 453 438
438 476 299
300 351 313
300 353 351
300 380 353
355 361 301
301 360 359
301 361 360
339 387 302
374 375 302
302 387 374
304 305 303
305 366 303
366 371 303
304 320 305
304 322 320
304 374 322
320 321 305
321 365 305
365 366 305
316 373 306
373 392 306
306 392 379
332 347 307
307 430 345
347 430 307
308 366 365
365 439 308
308 439 438
310 329 309
329 406 309
309 406 349
310 399 329
372 420 310
310 420 399
315 435 311
311 497 384
311 435 426
426 497 311
382 383 312
383 385 312
385 393 312
313 431 314
313 351 350
350 431 313
314 368 367
314 418 368
314 431 418
388 390 315
390 467 315
315 467 435
317 338 316
338 433 316
316 433 373
317 419 338
317 393 385
385 419 317
318 373 334
318 392 373
391 392 318
319 336 330
330 377 319
319 377 376
320 341 321
322 447 320
320 447 341
341 358 321
358 424 321
321 424 365
374 387 322
387 474 322
322 474 447
323 427 394
394 444 323
444 463 323
463 485 323
324 343 342
324 460 343
441 460 324
325 327 326
325 469 327
335 469 325
327 328 326
328 432 326
326 432 340
327 434 328
327 445 434
327 469 445
342 343 328
328 434 342
343 472 328
328 472 432
399 400 329
400 422 329
329 407 406
329 422 407
336 396 330
396 473 330
399 420 331
420 429 331
429 452 331
334 498 337
373 433 334
433 498 334
386 394 335
394 427 335
336 446 396
397 446 336
337 463 444
337 498 449
419 457 338
346 436 339
340 499 381
340 432 425
425 499 340
344 471 341
341 471 358
434 461 342
461 486 342
460 465 343
465 472 343
442 471 344
345 451 354
345 430 415
415 451 345
381 499 346
346 458 436
349 437 397
406 437 349
350 454 431
351 353 352
353 404 352
352 357 356
352 404 357
380 417 353
353 417 404
354 428 400
409 428 354
354 451 409
357 421 356
357 416 363
363 421 357
404 416 357
358 471 470
361 362 360
362 364 360
361 363 362
363 416 362
362 378 364
362 416 378
424 439 365
368 370 369
368 418 370
370 429 369
369 420 372
369 429 420
370 455 429
377 389 376
377 462 389
382 459 383
384 459 382
383 459 440
384 497 459
389 443 390
443 467 390
396 446 398
397 403 401
401 446 397
408 437 406
409 451 414
411 422 412
431 448 418
419 495 457
447 474 423
424 450 439
445 487 434
467 468 435
468 484 435
439 476 438
464 496 443
445 490 487
1 785 123
183 785 1
2 774 5
76 774 2
46 154 3
62 4 77
5 539 6
5 774 539
6 787 7
539 787 6
7 787 8
8 521 9
8 787 521
9 767 10
521 767 9
10 767 11
11 509 12
11 767 509
12 615 13
509 615 12
13 615 14
14 771 15
615 771 14
15 771 16
16 502 17
16 771 502
17 794 18
502 794 17
18 544 19
18 794 544
19 512 20
19 544 512
20 512 21
21 795 22
512 795 21
22 542 23
22 795 542
23 507 24
23 542 507
24 507 25
25 796 26
507 796 25
26 540 27
26 796 540
27 516 28
27 540 516
28 516 29
29 772 30
516 772 29
30 772 31
31 524 32
31 772 524
32 764 33
524 764 32
33 764 34
34 504 35
34 764 504
35 773 36
504 773 35
36 773 37
37 511 38
37 773 511
38 770 39
511 770 38
39 770 40
40 522 41
40 770 522
41 535 42
522 535 41
42 535 43
43 662 44
535 662 43
44 623 45
44 662 623
45 646 46
623 646 45
46 646 154
62 647 63
77 647 62
63 757 64
647 757 63
64 778 65
757 778 64
65 784 66
778 784 65
66 537 67
66 784 537
67 739 68
537 739 67
68 527 69
68 739 527
69 776 70
527 776 69
70 751 71
70 776 751
71 519 72
71 751 519
72 736 73
519 736 72
73 529 74
73 736 529
74 661 75
529 661 74
75 758 76
661 758 75
758 774 76
78 647 77
79 801 78
78 801 647
80 608 79
608 801 79
81 608 80
82 536 81
536 608 81
83 536 82
84 781 83
83 781 536
85 526 84
526 781 84
86 797 85
85 797 526
87 803 86
86 803 797
88 520 87
520 803 87
89 811 88
88 811 520
90 592 89
592 811 89
91 802 90
90 802 592
92 515 91
515 802 91
93 810 92
92 810 515
94 591 93
591 810 93
95 800 94
94 800 591
96 501 95
501 800 95
97 809 96
96 809 501
98 594 97
594 809 97
99 805 98
98 805 594
100 514 99
514 805 99
101 807 100
100 807 514
102 590 101
590 807 101
103 798 102
102 798 590
104 503 103
503 798 103
105 799 104
104 799 503
106 596 105
596 799 105
107 808 106
106 808 596
108 513 107
513 808 107
109 804 108
108 804 513
110 595 109
595 804 109
111 806 110
110 806 595
112 508 111
508 806 111
113 508 112
114 780 113
113 780 508
115 525 114
525 780 114
116 525 115
117 788 116
116 788 525
118 505 117
505 788 117
119 782 118
118 782 505
120 782 119
121 523 120
523 782 120
122 769 121
121 769 523
123 600 122
600 769 122
123 785 600
154 646 155
155 664 156
646 664 155
156 538 157
156 664 538
157 730 158
538 730 157
158 528 159
158 730 528
159 729 160
528 729 159
160 724 161
160 729 724
161 534 162
161 724 534
162 725 163
534 725 162
163 518 164
163 725 518
164 727 165
518 727 164
165 726 166
165 727 726
166 510 167
166 726 510
167 728 168
510 728 167
168 533 169
168 728 533
169 720 170
533 720 169
170 506 171
170 720 506
171 723 172
506 723 171
172 532 173
172 723 532
173 718 174
532 718 173
174 500 175
174 718 500
175 719 176
500 719 175
176 731 177
719 731 176
177 531 178
177 731 531
178 715 179
531 715 178
179 517 180
179 715 517
180 711 181
517 711 180
181 530 182
181 711 530
182 667 183
530 667 182
667 785 183
718 792 500
500 792 719
501 765 652
652 783 501
501 809 765
783 800 501
502 546 545
545 794 502
502 771 546
503 813 798
799 813 503
504 732 689
689 773 504
504 764 732
666 760 505
505 782 666
760 788 505
720 721 506
721 723 506
507 710 541
541 796 507
542 710 507
508 752 742
742 806 508
508 780 752
509 754 615
509 755 754
509 767 755
722 728 510
510 735 722
726 735 510
745 770 511
511 773 745
512 675 543
543 795 512
544 675 512
607 756 513
513 804 607
756 808 513
514 775 597
597 805 514
514 807 775
637 743 515
515 810 637
743 802 515
540 670 516
516 670 669
669 772 516
517 712 711
517 715 712
725 766 518
518 735 727
518 766 735
654 692 519
519 751 654
692 793 519
519 793 736
593 761 520
520 811 593
761 803 520
676 737 521
521 787 676
737 767 521
522 604 535
522 645 604
522 770 645
644 665 523
523 769 644
665 782 523
747 764 524
524 772 747
760 779 525
525 788 760
779 780 525
750 781 526
526 797 750
663 776 527
527 814 663
739 814 527
528 768 729
730 768 528
656 661 529
529 763 656
736 763 529
530 791 667
711 712 530
712 791 530
531 762 715
731 762 531
532 792 718
723 753 532
753 792 532
533 721 720
533 722 721
533 728 722
724 744 534
534 766 725
744 766 534
604 674 535
535 674 662
536 638 608
536 657 638
536 781 657
537 748 739
537 789 748
784 789 537
664 746 538
538 746 730
539 774 758
758 790 539
539 790 787
541 670 540
540 796 541
541 671 670
541 672 671
541 710 672
543 710 542
542 795 543
675 685 543
685 740 543
543 740 710
545 675 544
544 794 545
546 547 545
547 617 545
617 675 545
546 548 547
546 754 548
546 771 754
548 549 547
549 678 547
547 678 617
548 550 549
548 624 550
548 754 624
550 551 549
551 552 549
552 678 549
550 682 551
624 681 550
681 682 550
551 553 552
551 555 553
551 682 555
553 554 552
554 566 552
566 678 552
553 700 554
555 556 553
556 700 553
554 567 566
554 568 567
554 700 568
555 557 556
555 558 557
555 682 558
557 704 556
556 705 700
704 705 556
558 559 557
559 560 557
560 704 557
558 565 559
558 619 565
558 682 619
559 561 560
559 693 561
565 693 559
561 562 560
562 564 560
564 704 560
561 563 562
561 598 563
561 693 598
563 702 562
562 605 564
562 702 605
598 606 563
606 613 563
613 702 563
605 611 564
611 633 564
633 704 564
619 620 565
620 691 565
691 693 565
567 683 566
566 679 678
566 683 679
568 569 567
569 570 567
570 683 567
568 577 569
568 622 577
568 700 622
569 571 570
569 706 571
577 706 569
571 572 570
572 603 570
603 683 570
571 573 572
571 628 573
571 706 628
573 574 572
574 714 572
572 714 603
573 575 574
573 694 575
628 694 573
575 576 574
576 677 574
677 714 574
575 578 576
575 650 578
575 694 650
578 579 576
579 580 576
580 677 576
622 629 577
629 630 577
630 706 577
578 703 579
650 651 578
651 703 578
579 581 580
579 582 581
579 703 582
581 602 580
602 616 580
616 677 580
582 583 581
583 696 581
581 696 602
582 584 583
582 610 584
582 703 610
584 585 583
585 698 583
583 698 696
584 586 585
584 707 586
610 707 584
586 587 585
587 601 585
601 698 585
586 588 587
586 625 588
586 707 625
588 589 587
589 686 587
587 686 601
588 612 589
588 659 612
625 659 588
612 626 589
626 627 589
627 686 589
775 807 590
590 813 775
798 813 590
591 800 783
783 810 591
592 743 593
593 811 592
592 802 743
593 743 649
649 786 593
593 786 761
597 765 594
594 805 597
765 809 594
595 742 607
607 804 595
595 806 742
596 756 599
599 799 596
596 808 756
653 749 597
597 775 653
749 815 597
597 815 765
598 609 606
598 618 609
598 693 618
695 699 599
599 756 695
699 733 599
733 813 599
599 813 799
600 785 667
667 791 600
600 791 769
686 687 601
687 688 601
688 698 601
602 631 616
602 632 631
602 696 632
603 684 683
603 741 684
714 741 603
645 716 604
604 717 674
716 717 604
605 759 611
702 738 605
738 759 605
609 701 606
606 614 613
606 701 614
742 812 607
607 777 756
607 812 777
638 757 608
757 801 608
618 654 609
654 663 609
663 701 609
703 709 610
610 708 707
610 709 708
611 648 633
611 652 648
611 759 652
612 668 626
659 660 612
660 713 612
612 713 668
614 639 613
639 649 613
649 702 613
614 640 639
614 655 640
614 701 655
754 771 615
631 671 616
671 673 616
673 677 616
617 685 675
678 679 617
679 685 617
618 692 654
691 692 618
618 693 691
619 621 620
619 681 621
619 682 681
621 634 620
634 636 620
636 691 620
621 635 634
621 680 635
621 681 680
622 690 629
622 705 690
700 705 622
623 664 646
662 746 623
623 746 664
680 681 624
624 755 680
754 755 624
625 665 659
625 666 665
625 707 666
626 643 627
626 721 643
668 753 626
626 753 721
643 716 627
627 734 686
716 734 627
628 695 694
628 699 695
628 706 699
629 653 630
629 749 653
690 749 629
653 733 630
699 706 630
630 733 699
632 669 631
669 670 631
670 671 631
632 747 669
696 697 632
697 747 632
648 690 633
690 705 633
633 705 704
635 656 634
634 763 636
656 763 634
635 676 656
635 737 676
680 737 635
636 692 691
636 793 692
763 793 636
738 743 637
637 759 738
637 783 759
637 810 783
657 658 638
658 778 638
638 778 757
640 641 639
641 786 639
639 786 649
640 642 641
640 748 642
655 748 640
642 750 641
750 761 641
761 786 641
642 658 657
657 750 642
642 789 658
748 789 642
643 717 716
643 735 717
721 722 643
722 735 643
644 660 659
659 665 644
644 712 660
644 791 712
769 791 644
645 734 716
645 745 734
645 770 745
647 801 757
652 815 648
648 749 690
648 815 749
649 738 702
649 743 738
650 812 651
694 777 650
777 812 650
651 709 703
651 752 709
742 752 651
651 812 742
759 783 652
765 815 652
653 775 733
654 751 663
701 814 655
739 748 655
655 814 739
656 790 661
676 790 656
657 781 750
658 784 778
658 789 784
712 762 660
660 762 713
661 790 758
674 768 662
730 746 662
662 768 730
663 814 701
751 776 663
666 782 665
707 708 666
708 760 666
713 792 668
668 792 753
747 772 669
672 673 671
672 741 673
710 740 672
740 741 672
673 714 677
673 741 714
717 766 674
674 766 744
744 768 674
787 790 676
683 684 679
684 685 679
680 755 737
684 740 685
684 741 740
686 734 687
687 689 688
687 745 689
734 745 687
689 732 688
697 698 688
688 732 697
745 773 689
695 777 694
756 777 695
696 698 697
732 747 697
709 779 708
708 779 760
752 779 709
715 762 712
713 731 719
719 792 713
713 762 731
735 766 717
721 753 723
729 744 724
727 735 726
729 768 744
732 764 747
775 813 733
736 793 763
755 767 737
750 797 761
752 780 779
797 803 761
816 1 124
183 1 816
153 3 154
124 125 819
819 816 124
125 126 887
819 125 817
887 817 125
859 126 127
859 887 126
829 127 128
127 829 827
827 859 127
854 128 129
128 854 829
847 129 130
129 847 854
835 130 131
130 835 847
903 131 132
131 903 835
902 132 133
132 902 903
876 133 134
133 876 899
133 899 902
875 134 135
134 875 877
134 877 876
135 136 869
135 869 868
868 875 135
136 137 885
884 869 136
885 884 136
137 138 895
892 885 137
895 892 137
138 139 896
896 895 138
139 140 840
840 896 139
140 141 849
849 840 140
141 142 844
844 849 141
142 143 831
831 844 142
143 144 852
823 831 143
143 852 823
144 145 862
144 862 852
145 146 889
145 889 862
146 147 880
880 878 146
146 878 889
147 148 886
880 147 886
855 148 149
855 886 148
149 150 856
856 855 149
857 150 151
150 857 856
151 152 155
156 151 155
151 156 857
152 153 154
152 154 155
857 156 157
157 158 856
856 857 157
855 158 159
158 855 856
159 160 886
159 886 855
879 160 161
886 160 879
888 161 162
161 878 879
888 878 161
860 162 163
860 888 162
850 163 164
850 860 163
830 164 165
164 830 820
820 850 164
841 165 166
165 841 830
848 166 167
166 848 841
839 167 168
167 839 848
894 168 169
168 894 839
893 169 170
169 893 894
881 170 171
170 881 891
170 891 893
865 171 172
171 865 882
171 882 881
172 173 871
866 865 172
172 871 866
173 174 874
873 871 173
874 873 173
174 175 900
897 874 174
900 897 174
175 176 901
901 900 175
176 177 832
832 901 176
177 178 845
845 832 177
178 179 853
853 845 178
179 180 828
828 853 179
180 181 858
826 828 180
180 858 826
181 182 863
181 863 858
182 183 818
818 863 182
818 183 816
816 817 818
817 816 819
817 863 818
863 817 864
864 817 887
820 821 822
820 830 821
850 820 822
822 821 823
821 831 823
830 843 821
821 843 831
822 823 852
850 822 851
851 822 852
824 825 826
827 825 824
824 826 858
859 827 824
858 864 824
824 864 859
825 828 826
827 829 825
825 836 828
829 836 825
836 853 828
829 854 836
830 841 843
843 844 831
832 833 834
833 832 845
834 901 832
834 833 835
847 835 833
845 846 833
833 846 847
835 903 834
834 898 901
903 898 834
853 836 846
846 836 854
837 838 839
840 838 837
839 894 837
837 896 840
894 890 837
837 890 896
848 839 838
838 840 849
838 842 848
849 842 838
841 842 843
841 848 842
843 842 844
842 849 844
846 845 853
854 847 846
860 850 851
851 852 862
860 851 861
861 851 862
864 858 863
887 859 864
888 860 861
861 862 889
861 878 888
889 878 861
865 866 867
882 865 867
870 867 866
870 866 871
867 868 869
868 867 870
867 869 884
867 883 882
884 883 867
875 868 870
870 871 873
873 872 870
870 872 877
877 875 870
872 873 874
872 874 897
876 877 872
899 876 872
897 898 872
872 898 899
879 878 886
886 878 880
881 882 883
891 881 883
883 884 885
883 885 892
883 890 891
892 890 883
893 891 890
890 892 895
894 893 890
890 895 896
898 897 900
902 899 898
898 900 901
903 902 898
ZONE T="symmetry", N=223, E=399, F=FEPOINT, ET=TRIANGLE
10.262908 -2.37362267e-15 -1.09810041e-14
0.80610637 0 -2.77555756e-17
-2.08166817e-17 0 -2.77555756e-17
10.083072 0 0
9.90323609 0 0
9.72340016 0 0
9.54356423 0 0
9.3637283 0 0
9.18389237 0 0
9.00405643 0 0
8.8242205 0 0
8.64438457 0 0
8.46454864 0 0
8.28471271 0 0
8.10487678 0 0
7.92504085 0 0
7.74520492 0 0
7.56536898 0 0
7.38553305 0 0
7.20569712 0 0
7.02586119 0 0
6.84602526 0 0
6.66618933 0 0
6.4863534 0 0
6.30651747 0 0
6.12668153 0 0
5.9468456 0 0
5.76700967 0 0
5.58717374 0 0
5.40733781 0 0
5.22750188 0 0
5.04766595 0 0
4.86783002 0 0
4.68799408 0 0
4.50815815 0 0
4.32832222 0 0
4.14848629 0 0
3.96865036 0 0
3.78881443 0 0
3.6089785 0 0
3.42914257 0 0
3.24930663 0 0
3.0694707 0 0
2.88963477 0 0
2.70979884 0 0
2.52996291 0 0
2.35012698 0 0
2.17029105 0 0
1.99045512 0 0
1.81061919 0 0
1.63078325 0 0
1.45094732 0 0
1.27194335 0 0
1.11973894 0 0
1.01155102 0 0
0.932041974 0 0
0.876238355 0 0
0.836603056 0 0
10.2515283 0.469501829 0
9.7348571 3.15529663 0
7.97493422 6.25387175 0
5.76322101 8.18328783 0
1.9056071 9.59883135 0
-3.75411367 8.67193287 0
-8.46297265 3.50546518 0
-8.46297265 -3.50546518 0
-3.75411367 -8.67193287 0
1.9056071 -9.59883135 0
5.76322101 -8.18328783 0
7.97493422 -6.25387175 0
9.7348571 -3.15529663 0
10.2253473 -0.852404251 0
0.776746136 0.00384143098 0
0.738569604 0.00880844044 0
0.685936217 0.014911601 0
0.628241485 0.0207350769 0
0.570490314 0.0259713127 0
0.512694357 0.0306867969 0
0.454843918 0.034673866 0
0.396930337 0.0375940421 0
0.338965069 0.0391736004 0
0.280978496 0.0393405543 0
0.223003202 0.0381710328 0
0.165067089 0.0357412529 0
0.107215917 0.0317923987 0
0.0559622539 0.0262289888 0
0.019420963 0.0195042424 0
0.0194204982 -0.0195041215 0
0.0559688578 -0.0262298449 0
0.10722329 -0.0317930334 0
0.165073525 -0.035741626 0
0.223008694 -0.038171203 0
0.280983037 -0.0393405953 0
0.338968657 -0.0391735344 0
0.39693297 -0.0375939373 0
0.454845594 -0.0346737285 0
0.512695083 -0.0306867329 0
0.570490094 -0.0259713729 0
0.628240313 -0.0207351934 0
0.685934093 -0.0149117811 0
0.738567535 -0.00880876708 0
0.776755315 -0.00384023886 0
3.77158179 -5.54297819 0
4.36425826 5.77118272 0
0.558084267 4.66904479 0
-0.255602309 -5.05254254 0
8.41088342 -0.996354596 0
7.11577916 0.155742485 0
7.83512288 0.155742485 0
8.55446661 0.155742485 0
9.35208931 0.14375491 0
9.35224798 -0.185820696 0
-0.465730789 1.80902727 0
0.716815808 0.0512102419 0
0.488600618 0.109434416 0
0.227603422 0.114154109 0
0.79475251 0.0273434499 0
-0.165684343 -1.80797659 0
0.717998997 -0.0616430815 0
0.484760125 -0.092052079 0
0.250983145 -0.0889630139 0
0.804984165 -0.0400033474 0
9.80621303 -0.454921071 0
6.59856553 0.54293962 0
7.40337236 0.580600121 0
8.03212265 0.586047841 0
5.83748292 -1.58979274 0
5.34671363 0.157960564 0
4.44276139 0.1467343 0
3.88551418 0.150083252 0
5.85692764 0.155742485 0
5.34503503 1.10968832 0
5.9468456 -0.31148497 0
7.05395319 -0.413947472 0
7.53875565 -0.180961332 0
8.0044465 -0.13035537 0
5.76747188 0.513138179 0
8.43672207 -0.307493373 0
3.3640649 0.478932995 0
6.51136376 -0.245030225 0
4.79785721 0.147696474 0
5.49401499 -0.342836699 0
5.17539427 0.378882473 0
5.10865228 -0.298338846 0
4.82992783 0.426080852 0
4.65442712 -0.357056998 0
4.31360752 0.541589284 0
4.19437238 -0.162516382 0
3.46278604 -0.154695752 0
3.0009549 -0.154167511 0
3.81056552 -0.538271952 0
2.66572947 -0.434203425 0
2.08037308 0.155742485 0
2.6679449 0.188413109 0
2.41682754 0.885511764 0
2.74509694 -0.173048697 0
1.67463125 0.447769912 0
1.33693223 -0.172437501 0
1.65474155 -0.469713513 0
0.924269176 -0.881622393 0
0.895825476 -0.247386901 0
0.871051015 -0.0711945786 0
0.912927828 0.0547621423 0
0.788155139 -0.100649279 0
0.67465247 -0.161007987 0
0.523383933 -0.400379462 0
0.955222893 -0.0804163346 0
0.599027384 -0.0888638034 0
-5.28109534 -0.331226182 0
1.19584114 0.530728271 0
0.661170651 -0.0694323692 0
7.12181708 2.75402375 0
1.95325849 -1.5832894 0
-2.43044015 -0.673743093 0
-1.09799236 0.353687198 0
-2.99060867 2.57202686 0
-0.650705117 -0.595541213 0
0.77030926 0.702299276 0
1.1742387 1.36180448 0
0.796044314 0.341762606 0
0.4799294 0.453476116 0
-0.24576126 0.0514265214 0
-0.340179781 0.852349622 0
0.700055361 0.139609692 0
0.757776051 0.0354112256 0
0.767751236 0.0786401175 0
1.02274786 0.198346995 0
0.612155031 0.0851572009 0
0.574488983 0.195915229 0
0.415480004 0.233699277 0
0.131272521 0.318951496 0
0.0980118217 0.0793739348 0
0.548763271 0.0842773577 0
0.665950983 0.0606666101 0
0.320524971 0.156318647 0
0.412830441 0.113502457 0
-0.0988351527 -0.431044767 0
0.13791667 -0.824365401 0
0.0025528483 -0.213831753 0
0.142100542 -0.112737867 0
0.836903078 0.0484985672 0
3.58224166 2.19647226 0
0.76204155 -0.0401838162 0
8.90458651 0.573838466 0
0.540546558 -0.0776520638 0
0.542889881 -0.165230519 0
0.440128464 -0.171329728 0
0.190517428 -0.370344099 0
0.372718642 -0.102652517 0
0.318568041 -0.190436433 0
0.429094861 -0.087602696 0
0.312444304 -0.0921132186 0
0.0456394735 -0.109097394 0
0.0740705323 -0.0598724521 0
0.359887212 0.0865885198 0
0.30999314 0.0894002092 0
1.14430167 0.0912597006 0
1.34159941 0.18115784 0
0.266815074 0.920293189 0
2.08503169 -0.355315192 0
-3.39165141 -3.34048108 0
1.09853565 -0.0833734561 0
0.839404946 0.143603353 0
59 1 4
4 1 123
1 72 123
58 2 117
2 58 122
2 73 117
102 2 122
87 3 182
3 88 213
182 3 199
199 3 213
59 4 5
5 4 123
59 5 6
6 5 123
6 7 111
7 6 112
59 6 111
112 6 123
7 8 111
8 7 112
8 9 111
9 8 112
9 10 111
10 9 112
11 10 138
10 11 204
111 10 204
10 112 138
11 12 110
12 11 138
11 110 204
12 13 110
13 12 138
13 14 110
14 13 138
14 15 126
15 14 136
110 14 126
136 14 138
15 16 109
16 15 136
15 109 126
16 17 109
17 16 136
17 18 109
18 17 135
135 17 136
18 19 125
19 18 135
109 18 125
19 20 108
20 19 135
19 108 125
20 21 108
21 20 134
134 20 135
21 22 108
22 21 134
22 23 124
23 22 140
108 22 124
22 134 140
23 24 124
24 23 140
24 25 124
25 24 140
25 26 131
26 25 133
124 25 137
25 131 137
133 25 140
26 27 131
27 26 133
27 28 131
28 27 133
28 29 131
29 28 133
29 30 128
30 29 142
29 128 131
29 133 142
30 31 128
31 30 142
31 32 128
32 31 144
31 142 144
32 33 141
33 32 144
128 32 143
32 141 143
33 34 141
34 33 144
34 35 129
35 34 146
34 129 141
34 144 146
35 36 129
36 35 146
36 37 129
37 36 148
36 146 148
37 38 130
38 37 148
129 37 147
37 130 147
38 39 130
39 38 151
38 148 151
39 40 130
40 39 149
149 39 151
40 41 139
41 40 149
130 40 139
41 42 139
42 41 149
42 43 139
43 42 150
42 149 150
44 43 150
43 44 154
139 43 154
44 45 154
45 44 156
44 150 156
45 46 154
46 45 156
47 46 152
46 47 154
152 46 156
47 48 153
48 47 220
47 152 220
47 153 154
48 49 153
49 48 220
49 50 153
50 49 220
50 51 157
51 50 159
153 50 157
159 50 220
52 51 158
51 52 218
157 51 218
158 51 159
53 52 158
52 53 218
53 54 217
54 53 222
53 158 222
53 217 218
54 55 217
55 54 222
55 56 163
56 55 167
55 163 187
167 55 222
55 187 217
57 56 162
56 57 163
162 56 167
58 57 162
57 58 201
163 57 201
58 117 201
122 58 162
60 59 204
59 111 204
61 60 172
172 60 204
62 61 104
104 61 172
63 62 104
64 63 105
63 104 105
65 64 176
64 105 176
66 65 169
169 65 176
67 66 221
66 169 221
68 67 106
106 67 221
69 68 103
103 68 106
70 69 103
71 70 127
70 103 127
72 71 107
107 71 127
72 107 123
73 74 185
117 73 185
74 75 114
74 114 185
75 76 194
114 75 194
76 77 188
76 188 194
77 78 193
188 77 193
78 79 115
78 115 193
79 80 196
115 79 196
80 81 215
196 80 215
81 82 216
215 81 216
82 83 116
82 116 216
83 84 116
84 85 192
116 84 192
85 86 192
86 87 192
87 182 191
87 191 192
88 89 214
213 88 214
89 90 214
90 91 200
90 200 214
91 92 121
91 121 200
92 93 121
93 94 212
121 93 212
94 95 209
94 209 212
95 96 211
209 95 211
96 97 120
96 120 211
97 98 205
120 97 205
98 99 168
98 168 205
99 100 171
168 99 171
100 101 119
100 119 171
101 102 203
119 101 203
102 122 203
103 106 173
127 103 173
105 104 202
104 172 202
105 113 176
113 105 179
179 105 202
106 118 173
118 106 221
107 112 123
112 107 138
107 127 134
107 134 135
107 135 138
108 124 125
109 125 126
110 126 204
113 175 176
175 113 183
113 179 219
183 113 219
114 184 186
184 114 194
185 114 186
189 115 190
115 189 193
190 115 196
191 116 192
116 191 195
116 195 216
117 185 186
117 186 201
118 160 173
160 118 198
118 174 177
174 118 221
118 177 198
119 164 165
164 119 203
119 165 171
120 205 206
120 206 207
120 207 211
200 121 210
210 121 212
122 162 164
122 164 203
125 124 172
132 124 137
124 132 172
126 125 172
126 172 204
127 133 140
133 127 142
134 127 140
142 127 144
144 127 146
146 127 151
151 127 173
131 128 137
137 128 143
141 129 145
145 129 147
130 139 147
132 137 143
132 143 145
132 145 147
132 147 202
172 132 202
135 136 138
147 139 202
139 154 155
139 155 202
143 141 145
148 146 151
150 149 152
149 151 152
150 152 156
152 151 173
152 173 220
154 153 155
155 153 157
155 157 179
155 179 202
157 170 179
170 157 218
158 159 160
158 160 161
158 161 222
160 159 173
173 159 220
161 160 166
166 160 198
162 161 164
161 162 167
164 161 165
165 161 166
161 167 222
187 163 223
163 201 223
165 166 206
165 168 171
168 165 206
166 198 208
206 166 207
207 166 210
166 208 210
205 168 206
174 169 176
169 174 221
170 178 179
178 170 180
180 170 187
187 170 218
175 174 176
174 175 177
177 175 182
182 175 183
177 182 197
177 197 198
179 178 219
178 180 181
178 181 219
181 180 189
180 184 189
184 180 223
180 187 223
181 189 190
181 190 191
181 191 219
182 183 191
197 182 199
191 183 219
186 184 223
184 188 189
188 184 194
201 186 223
217 187 218
189 188 193
191 190 195
195 190 196
195 196 215
195 215 216
198 197 208
197 199 208
199 200 208
200 199 213
208 200 210
200 213 214
209 207 210
207 209 211
209 210 212
ZONE T="wake", N=581, E=998, F=FEPOINT, ET=TRIANGLE
10.1887866 -1.17773409e-15 1.1963
10.262908 -2.37362267e-15 -1.09810041e-14
0.80610637 0 -2.77555756e-17
1.14371591 0 1.1963
10.2613934 -2.37325171e-15 0.171328117
10.2568501 -2.37213893e-15 0.342602682
10.2492796 -2.3702847e-15 0.513770159
10.2386842 -2.36768957e-15 0.684777046
10.2250673 -2.36435438e-15 0.855569892
10.208433 -2.36028016e-15 1.02609531
10.083072 0 0
9.90323609 0 0
9.72340016 0 0
9.54356423 0 0
9.3637283 0 0
9.18389237 0 0
9.00405643 0 0
8.8242205 0 0
8.64438457 0 0
8.46454864 0 0
8.28471271 0 0
8.10487678 0 0
7.92504085 0 0
7.74520492 0 0
7.56536898 0 0
7.38553305 0 0
7.20569712 0 0
7.02586119 0 0
6.84602526 0 0
6.66618933 0 0
6.4863534 0 0
6.30651747 0 0
6.12668153 0 0
5.9468456 0 0
5.76700967 0 0
5.58717374 0 0
5.40733781 0 0
5.22750188 0 0
5.04766595 0 0
4.86783002 0 0
4.68799408 0 0
4.50815815 0 0
4.32832222 0 0
4.14848629 0 0
3.96865036 0 0
3.78881443 0 0
3.6089785 0 0
3.42914257 0 0
3.24930663 0 0
3.0694707 0 0
2.88963477 0 0
2.70979884 0 0
2.52996291 0 0
2.35012698 0 0
2.17029105 0 0
1.99045512 0 0
1.81061919 0 0
1.63078325 0 0
1.45094732 0 0
1.27194335 0 0
1.11973894 0 0
1.01155102 0 0
0.932041974 0 0
0.876238355 0 0
0.836603056 0 0
1.15848064 0 1.1963
1.19613837 0 1.1963
1.22664947 0 1.1963
1.2693569 0 1.1963
1.33101178 0 1.1963
1.41148818 0 1.1963
1.52633562 0 1.1963
1.68449444 0 1.1963
1.86147466 0 1.1963
2.03865151 0 1.1963
2.21582835 0 1.1963
2.3930052 0 1.1963
2.57018205 0 1.1963
2.7473589 0 1.1963
2.92453575 0 1.1963
3.1017126 0 1.1963
3.27888945 0 1.1963
3.4560663 0 1.1963
3.63324315 0 1.1963
3.81042 0 1.1963
3.98759685 0 1.1963
4.1647737 0 1.1963
4.34195055 0 1.1963
4.5191274 0 1.1963
4.69630425 0 1.1963
4.8734811 0 1.1963
5.05065795 0 1.1963
5.2278348 0 1.1963
5.40501165 0 1.1963
5.5821885 0 1.1963
5.75936535 0 1.1963
5.9365422 0 1.1963
6.11371905 0 1.1963
6.2908959 0 1.1963
6.46807275 0 1.1963
6.6452496 0 1.1963
6.82242645 0 1.1963
6.9996033 0 1.1963
7.17678015 0 1.1963
7.353957 0 1.1963
7.53113385 0 1.1963
7.7083107 0 1.1963
7.88548754 0 1.1963
8.06266439 0 1.1963
8.23984124 0 1.1963
8.41701809 0 1.1963
8.59419494 0 1.1963
8.77137179 0 1.1963
8.94854864 0 1.1963
9.12572549 0 1.1963
9.30290234 0 1.1963
9.48007919 0 1.1963
9.65725604 0 1.1963
9.83443289 0 1.1963
10.0116097 0 1.1963
0.814197408 0 0.0286701289
0.822288446 0 0.0573402578
0.830379484 0 0.0860103867
0.838470522 0 0.114680516
0.846561561 0 0.143350645
0.854652599 0 0.172020773
0.862743637 0 0.200690902
0.870834675 0 0.229361031
0.878925713 0 0.25803116
0.887016751 0 0.286701289
0.89510779 0 0.315371418
0.903198828 0 0.344041547
0.911289866 0 0.372711676
0.919380904 0 0.401381805
0.927471942 0 0.430051934
0.93556298 0 0.458722062
0.943654019 0 0.487392191
0.951745057 0 0.51606232
0.959836095 0 0.544732449
0.967927133 0 0.573402578
0.976018171 0 0.602072707
0.984109209 0 0.630742836
0.992200247 0 0.659412965
1.00029129 0 0.688083094
1.00838232 0 0.716753223
1.01647336 0 0.745423351
1.0245644 0 0.77409348
1.03265544 0 0.802763609
1.04074648 0 0.831433738
1.04883751 0 0.860103867
1.05692855 0 0.888773996
1.06501959 0 0.917444125
1.07311063 0 0.946114254
1.08120167 0 0.974784383
1.08929271 0 1.00345451
1.09738374 0 1.03212464
1.10547478 0 1.06079477
1.11356582 0 1.0894649
1.12165686 0 1.11813503
1.12941376 0 1.14562117
1.13534165 0 1.16662632
1.13967039 0 1.18196494
1.06443281 0 0.790766652
1.01947065 0 0.647295016
1.09922517 0 0.929900572
0.988896193 0 0.521054601
0.955322625 0 0.415618022
1.60110106 0 1.07212352
1.13323331 0 1.046273
0.910674555 0 0.245923963
0.934976744 0 0.332041597
1.36472158 0 1.11258554
1.5358838 0 0.135294056
5.30831346 0 1.04950085
4.78489268 0 1.04286035
5.8347019 0 1.01632642
4.27948595 0 1.06115098
6.37533066 0 1.06200066
3.7497828 0 1.04413974
6.93024271 0 1.04282961
3.19026012 0 1.05761077
7.44994433 0 1.04807529
2.65792964 0 1.02893487
7.97407597 0 1.05057609
2.12663625 0 1.05162834
8.48825079 0 1.05627893
9.03978012 0 1.05417801
9.56611205 0 1.05146842
1.14221227 0 1.12584518
9.27381033 0 0.145442879
8.75125099 0 0.138422319
8.1959161 0 0.139772935
2.44482407 0 0.145238337
7.63058641 0 0.154020345
2.97655775 0 0.148015745
7.10626427 0 0.150277308
3.51906053 0 0.155742485
6.57627136 0 0.147368018
4.06797777 0 0.132280354
6.05675286 0 0.142613667
4.60395001 0 0.167108049
5.49712918 0 0.147686153
10.0958856 0 0.590097727
0.882474207 0 0.157479615
1.91228636 0 0.176573783
5.13858719 0 0.14634049
9.62651334 0 0.151920245
1.19584114 0 0.112753186
1.25482928 0 1.13415529
0.864242243 0 0.098949635
1.00513663 0 0.57837839
1.06278171 0 0.588347042
1.02722707 0 0.685787825
1.08554069 0 0.875073198
1.15293499 0 0.87586079
1.11716524 0 0.988947796
1.18941562 0 0.995096204
1.23469264 0 0.908433719
0.97260162 0 0.460070943
1.00551561 0 0.422703766
1.17730951 0 1.17493517
1.22453663 0 0.785846468
9.92249023 0 1.02285983
0.911006707 0 0.107859175
9.99315406 0 0.155742485
1.37415653 0 0.856529076
1.358465 0 0.668018993
1.52198892 0 0.730185149
1.4930063 0 0.551043651
1.66144587 0 0.612711806
1.33153428 0 0.487823711
1.68680651 0 0.784376805
1.82967647 0 0.673472984
1.79996416 0 0.496861126
1.96873702 0 0.558828206
2.00028126 0 0.733801245
2.1379417 0 0.620627681
2.1071433 0 0.443597496
2.27612512 0 0.505721064
2.30681891 0 0.683088759
2.44506583 0 0.567889101
2.47575278 0 0.745264207
2.61400914 0 0.630016944
2.58198005 0 0.456301687
2.7520432 0 0.515371927
2.78291721 0 0.692230734
2.92116928 0 0.57698986
2.95188712 0 0.754273283
3.09014949 0 0.63900387
3.06197304 0 0.464649148
3.2288328 0 0.524229612
3.25917292 0 0.701173456
3.39744421 0 0.585925215
3.42806058 0 0.763201539
3.56632494 0 0.647949758
3.20072651 0 0.349957416
2.72548105 0 0.320127142
3.53431783 0 0.474177559
3.70435356 0 0.533277282
3.7357932 0 0.708589911
3.8735531 0 0.594677962
3.90486871 0 0.770333979
4.04257849 0 0.65656591
3.84235187 0 0.418709756
2.33749099 0 0.860543041
4.07035156 0 0.836532307
4.21203427 0 0.716397234
4.18084357 0 0.541140099
4.349791 0 0.603218167
4.31898878 0 0.426323103
4.48794695 0 0.488379585
4.5186368 0 0.665736099
4.65687849 0 0.550545917
4.68597868 0 0.726019188
4.82555493 0 0.612358082
4.79508669 0 0.435259625
4.96402464 0 0.497360945
4.99471112 0 0.674724932
5.13302168 0 0.559531125
4.54747749 0 0.840828178
5.16494784 0 0.733492913
5.30217438 0 0.621069858
5.26942127 0 0.449327931
5.43995102 0 0.507126246
5.47091431 0 0.683742911
5.60912685 0 0.568608736
5.63985298 0 0.745869584
5.77811014 0 0.630614191
5.74742205 0 0.45325002
5.91637751 0 0.515331092
5.9470639 0 0.692699882
6.08532358 0 0.577437659
6.11601141 0 0.75480252
6.25427012 0 0.639542942
6.22358222 0 0.462178252
6.39252857 0 0.524284053
6.42321782 0 0.701645084
6.56147512 0 0.586389306
6.5921644 0 0.763750245
6.73042152 0 0.64849497
6.69925741 0 0.472570217
6.86860039 0 0.533476672
6.85017881 0 0.330301358
6.90010583 0 0.708597333
7.03773581 0 0.595048738
7.06920666 0 0.770280333
7.2067394 0 0.656995177
7.17777332 0 0.482169843
7.3451734 0 0.542461931
7.31838422 0 0.362142265
7.48321813 0 0.428256744
7.51385565 0 0.60456207
7.65143503 0 0.491029776
7.68263639 0 0.666778194
7.82086723 0 0.55153771
7.85215775 0 0.727048672
7.98999037 0 0.613071374
7.95923152 0 0.435920218
8.12819548 0 0.497966338
8.1588863 0 0.675321125
8.29713634 0 0.560086246
7.70219963 0 0.869094914
8.32782331 0 0.737453331
8.4660802 0 0.62219886
8.43539206 0 0.444834842
8.60433793 0 0.506941977
8.63502573 0 0.684306933
8.77328404 0 0.56904844
8.80397188 0 0.746413284
8.94223029 0 0.631154505
8.91154241 0 0.453789769
9.08048871 0 0.515895692
9.11117659 0 0.693260446
9.24943503 0 0.578001599
9.2801229 0 0.75536635
9.41838134 0 0.640107496
9.38881392 0 0.464681393
9.55682652 0 0.525171748
9.58765002 0 0.701475001
9.72567095 0 0.586885321
9.75852722 0 0.75701255
5.0269493 0 0.866870858
9.05286789 0 0.340069667
8.18706238 0 0.851571636
6.36407661 0 0.347997302
7.23521497 0 0.837297517
9.70077499 0 0.416627261
9.85921312 0 0.466109583
4.93491741 0 0.322623328
2.24542736 0 0.328448795
5.50160219 0 0.86110766
0.847904796 0 0.0454575586
3.92331412 0 0.94637962
8.66696297 0 0.852736157
8.57182289 0 0.339908334
8.4108197 0 0.278267634
5.8821125 0 0.347697194
5.72072105 0 0.289371876
8.83212864 0 0.920234708
2.80932757 0 0.876429112
2.97927189 0 0.926878248
7.45701675 0 0.2510609
1.46789405 0 0.384807163
4.15637487 0 0.373501147
4.29218643 0 0.267572773
1.29290257 0 0.296672814
5.97873397 0 0.875046755
6.14687752 0 0.919666238
7.08713146 0 0.942975722
5.6582235 0 0.924707383
9.84134983 0 0.298762556
10.002103 0 0.356436822
1.18261302 0 0.421335106
2.09059942 0 0.266735726
1.19596699 0 1.06582464
1.05901444 0 0.0942834372
1.09311111 0 0.254651834
6.19289439 0 0.28481338
9.12534149 0 0.890376396
9.32463726 0 0.918853138
0.893767402 0 0.0484239956
4.78263281 0 0.260031359
8.35850863 0 0.914825241
5.41655034 0 0.317720919
2.48364659 0 0.926279757
1.1186365 0 0.815555419
1.11045084 0 0.731629896
0.998664792 0 0.353676757
0.971806261 0 0.273957988
0.94513601 0 0.17704202
10.0690708 0 0.926426889
3.27358874 0 0.896640777
3.47474103 0 0.923613615
1.17872156 0 0.603578598
8.11315975 0 0.301801388
7.90962738 0 0.275240412
8.88085451 0 0.276425069
5.86471826 0 0.169553696
1.5501281 0 0.894284104
1.63560671 0 0.441343351
1.76921745 0 0.319400167
1.85261635 0 0.874027647
1.94132462 0 0.376999417
2.17223178 0 0.788251676
2.41093569 0 0.399896504
2.63726382 0 0.816525936
2.89902486 0 0.406750026
9.45215911 0 0.805806316
3.60169369 0 0.81150561
7.78355552 0 0.388039701
8.73854717 0 0.403591578
7.54446492 0 0.781660525
6.76693478 0 0.813348871
6.65626408 0 0.92069025
4.85256836 0 0.784212887
5.33730443 0 0.786349626
3.11064411 0 0.810268014
5.58633079 0 0.398919263
5.31938986 0 0.151592703
5.8061144 0 0.814210703
6.0504641 0 0.411420891
7.37348386 0 0.717833249
6.27907059 0 0.807720407
6.52831341 0 0.417327337
5.09966116 0 0.389991303
4.45818984 0 0.311297883
4.6307808 0 0.368770403
7.0069381 0 0.417978097
8.27692389 0 0.389600589
8.50049515 0 0.788502057
4.38129404 0 0.777133716
8.02270812 0 0.782024771
3.36572038 0 0.413355919
3.3481311 0 0.25014549
3.17532359 0 0.164073634
4.01235227 0 0.48233708
9.21987104 0 0.409970109
3.65571093 0 0.325995142
3.81423748 0 0.266957917
9.54135752 0 0.326478428
8.96297842 0 0.803106751
9.92125924 0 0.639492438
6.45242836 0 0.892261153
9.07050177 0 0.164527395
6.93377546 0 0.151753
6.37558088 0 0.168528342
2.80183134 0 0.147487995
2.62608085 0 0.151672445
6.75643826 0 0.15530418
7.29692756 0 0.159420792
9.452117 0 0.153475237
4.4112009 0 0.945182566
4.5854681 0 1.02972706
1.94798375 0 1.04486831
8.68020563 0 1.03065785
8.17332096 0 1.02946534
7.79588061 0 1.04191315
7.62024976 0 1.04629869
4.96206952 0 1.04286035
7.26020053 0 1.03512227
9.73334386 0 1.04119593
5.49903113 0 1.03539051
2.32193138 0 1.03368288
5.12961738 0 1.04095666
2.85525799 0 1.05030935
1.77343894 0 1.05272463
9.92638258 0 0.834972053
1.35715764 0 0.134698939
8.55812839 0 0.16462095
2.24940282 0 0.16067172
9.62403446 0 0.883275638
1.71882245 0 0.151167703
4.08035854 0 1.04075928
10.0793916 0 0.755222674
4.94726475 0 0.154727961
3.99531546 0 0.292111158
6.03548035 0 1.04614584
6.64946877 0 0.298865258
3.75855493 0 0.871422069
7.90161441 0 0.899907644
7.62121271 0 0.324814208
4.40486849 0 0.143206895
6.93072351 0 0.871683932
0.971796496 0 0.0585921017
9.34914406 0 0.29488502
4.71209543 0 0.893536698
2.05251134 0 0.904103373
7.39754744 0 0.887590637
6.73872435 0 1.06234207
7.15470365 0 0.310064526
10.1266632 0 0.256410214
4.24608551 0 0.883351765
9.21531677 0 1.05162261
3.70649426 0 0.146752024
5.21832752 0 0.898491238
9.80540521 0 0.140563952
7.83167199 0 0.137464415
3.48458816 0 0.323883319
2.52557991 0 0.28991561
3.04384781 0 0.302319484
3.36607298 0 1.05416355
9.39983793 0 1.05822733
8.02011232 0 0.142572166
8.33538794 0 1.0786339
6.21168543 0 0.119191078
3.55263055 0 1.06035008
1.09348947 0 0.505735212
5.67355557 0 0.135249284
8.90617684 0 0.115874957
1.42375216 0 0.989761774
2.48533897 0 1.0762995
6.20230747 0 1.07323564
8.86322688 0 1.0687206
5.67077692 0 1.07412559
5.21592743 0 0.285556794
10.1274285 0 0.424193733
1.60215818 0 0.280086664
6.55649209 0 1.07016106
8.3711796 0 0.127323764
3.02010443 0 1.06927183
2.08037308 0 0.118021635
1.0268669 0 0.537713639
1.01945174 0 0.477770964
1.07265145 0 0.66345327
1.15164455 0 0.939427839
9.79817297 0 0.906057952
3.90186813 0 0.137583937
6.48957831 0 0.271803367
4.77791205 0 0.113657203
10.0729267 0 1.06830171
7.53402944 0 0.926108765
4.23666455 0 0.119280586
8.05982495 0 0.927205812
7.01821595 0 0.274196849
1.46547972 0 1.11341417
1.69296341 0 0.932728293
3.89900843 0 1.08619517
4.87198015 0 0.930016443
7.47545102 0 0.109648982
2.21189342 0 0.930897367
9.18389237 0 0.264162429
7.08819172 0 1.08888517
1.2910764 0 1.00891232
2.88963477 0 0.261042597
1.17280255 0 1.12112575
4.42941201 0 1.09017335
9.99904076 0 0.493316738
1.15386316 0 1.18433635
1.15114593 0 1.17182834
1.15137095 0 1.15099699
1.07345521 0 0.403330424
9.69919935 0 0.274195995
10.1454381 0 0.116696163
5.38230861 0 0.924776503
6.28804041 0 0.951176117
0.91991642 0 0.290799251
1.0716388 0 0.834586575
0.943926986 0 0.375085971
1.05063566 0 0.753198924
1.00950327 0 0.609367198
0.975269727 0 0.492470204
0.989732589 0 0.551056331
0.894372617 0 0.202099506
1.04763678 0 0.716041081
1.43763448 0 0.240948668
1.14526356 0 1.09515197
2.36417776 0 0.266257547
5.58421343 0 0.257437782
5.05195475 0 0.258367418
3.34175944 0 0.106197209
6.82150209 0 0.942429909
9.48240019 0 0.944211216
8.54362852 0 0.924138875
7.74263465 0 0.252472798
6.0050068 0 0.277478848
8.96345621 0 0.939836041
4.15471835 0 0.236285939
8.27518684 0 0.250925748
3.63587705 0 0.947583549
8.69706949 0 0.26769143
3.11160915 0 0.946734469
10 530 1
1 530 120
2 553 5
11 553 2
65 3 121
66 548 4
4 548 162
5 491 6
5 553 491
6 516 7
491 516 6
7 203 8
7 516 203
8 474 9
203 474 8
9 391 10
9 474 391
391 530 10
12 225 11
225 553 11
13 496 12
12 496 225
14 207 13
207 496 13
15 451 14
14 451 207
16 190 15
190 451 15
17 444 16
16 444 190
18 509 17
17 509 444
19 191 18
191 509 18
20 469 19
19 469 191
21 519 20
20 519 469
22 192 21
192 519 21
23 503 22
22 503 192
24 497 23
497 503 23
25 194 24
194 497 24
26 539 25
25 539 194
27 450 26
450 539 26
28 196 27
196 450 27
29 445 28
28 445 196
30 449 29
29 449 445
31 198 30
198 449 30
32 446 31
31 446 198
33 505 32
32 505 446
34 200 33
200 505 33
35 398 34
34 398 200
36 508 35
35 508 398
37 202 36
202 508 36
38 419 37
37 419 202
39 206 38
206 419 38
40 475 39
39 475 206
41 529 40
40 529 475
42 201 41
201 529 41
43 482 42
42 482 201
44 532 43
43 532 482
45 199 44
199 532 44
46 527 45
45 527 199
47 494 46
494 527 46
48 197 47
197 494 47
49 570 48
48 570 197
50 435 49
435 570 49
51 195 50
195 435 50
52 447 51
51 447 195
53 448 52
52 448 447
54 193 53
193 448 53
55 470 54
54 470 193
56 521 55
55 521 470
57 205 56
205 521 56
58 472 57
57 472 205
59 173 58
173 472 58
60 468 59
59 468 173
61 208 60
208 468 60
62 376 61
61 376 208
63 484 62
62 484 376
64 381 63
381 484 63
65 352 64
352 381 64
121 352 65
67 221 66
221 548 66
68 221 67
69 209 68
209 221 68
70 209 69
71 172 70
172 209 70
72 535 71
71 535 172
73 168 72
168 535 72
74 466 73
73 466 168
75 454 74
454 466 74
76 185 75
185 454 75
77 463 76
76 463 185
78 511 77
77 511 463
79 183 78
183 511 78
80 465 79
79 465 183
81 520 80
80 520 465
82 181 81
181 520 81
83 501 82
82 501 181
84 506 83
83 506 501
85 179 84
179 506 84
86 537 85
85 537 179
87 473 86
473 537 86
88 177 87
177 473 87
89 546 88
88 546 177
90 453 89
453 546 89
91 175 90
175 453 90
92 459 91
91 459 175
93 464 92
92 464 459
94 174 93
174 464 93
95 462 94
94 462 174
96 514 95
95 514 462
97 176 96
176 514 96
98 477 97
97 477 176
99 512 98
98 512 477
100 178 99
178 512 99
101 518 100
100 518 178
102 489 101
489 518 101
103 180 102
180 489 102
104 542 103
103 542 180
105 460 104
460 542 104
106 182 105
182 460 105
107 458 106
106 458 182
108 457 107
457 458 107
109 184 108
184 457 108
110 456 109
109 456 184
111 504 110
110 504 456
112 186 111
186 504 111
113 455 112
112 455 186
114 513 113
113 513 455
115 187 114
187 513 114
116 493 115
115 493 187
117 502 116
116 502 493
118 188 117
188 502 117
119 461 118
118 461 188
120 223 119
223 461 119
120 530 223
122 352 121
123 352 122
124 210 123
210 352 123
125 210 124
126 204 125
204 210 125
127 204 126
128 563 127
127 563 204
129 170 128
170 563 128
130 170 129
131 556 130
130 556 170
132 171 131
171 556 131
133 171 132
134 558 133
133 558 171
135 167 134
167 558 134
136 167 135
137 219 136
136 219 167
138 561 137
137 561 219
139 166 138
166 561 138
140 562 139
139 562 166
141 211 140
211 562 140
142 560 141
141 560 211
143 164 142
164 560 142
144 164 143
145 213 144
144 213 164
146 564 145
145 564 213
147 559 146
559 564 146
148 163 147
163 559 147
149 163 148
150 557 149
149 557 163
151 214 150
214 557 150
152 214 151
153 165 152
165 214 152
154 165 153
155 216 154
154 216 165
156 216 155
157 169 156
169 216 156
158 169 157
159 566 158
158 566 169
160 189 159
189 566 159
161 550 160
160 550 189
162 549 161
549 550 161
548 549 162
386 387 163
163 557 386
387 559 163
164 524 212
212 560 164
213 524 164
165 215 214
165 525 215
216 525 165
522 523 166
166 562 522
523 561 166
219 220 167
220 388 167
388 558 167
399 510 168
168 536 399
466 536 168
510 535 168
169 217 216
169 375 217
169 566 375
389 390 170
170 556 389
390 563 170
388 389 171
171 558 388
389 556 171
172 543 209
172 535 510
510 543 172
468 565 173
173 517 472
173 565 517
462 554 174
174 495 464
174 554 495
175 486 453
459 538 175
175 538 486
367 420 176
176 477 367
176 420 370
370 514 176
452 492 177
177 546 452
177 492 473
178 518 443
443 555 178
178 555 512
353 479 179
179 537 353
479 579 179
179 579 506
369 483 180
180 542 369
483 571 180
180 571 489
181 501 392
392 581 181
181 581 520
458 531 182
182 488 460
182 531 488
360 406 183
183 465 360
183 406 385
385 511 183
456 533 184
184 480 457
184 533 480
185 487 454
463 540 185
185 540 487
383 504 186
186 573 383
455 573 186
187 493 379
379 576 187
187 576 513
461 471 188
471 572 188
188 572 502
189 550 545
545 566 189
444 541 190
190 485 451
190 541 485
397 509 191
191 580 397
469 580 191
192 503 395
395 578 192
192 578 519
193 499 448
470 567 193
193 567 499
362 481 194
194 539 362
481 574 194
194 574 497
195 500 435
447 544 195
195 544 500
445 534 196
196 490 450
196 534 490
434 498 197
197 570 434
438 494 197
197 498 438
446 528 198
198 478 449
198 528 478
199 527 476
476 577 199
199 577 532
378 505 200
200 575 378
398 575 200
201 427 382
382 529 201
426 427 201
201 482 426
202 419 384
384 568 202
202 568 508
442 474 203
203 547 442
516 547 203
204 224 210
204 390 224
204 563 390
205 403 374
374 521 205
401 403 205
205 472 401
206 515 419
475 569 206
206 569 515
207 451 440
440 552 207
207 552 496
208 377 366
366 468 208
376 377 208
209 545 221
209 543 375
375 545 209
224 381 210
210 381 352
212 522 211
211 560 212
522 562 211
394 507 212
212 524 394
507 522 212
213 564 524
215 386 214
386 557 214
218 222 215
215 525 218
222 386 215
217 525 216
218 525 217
217 543 218
375 543 217
218 226 222
218 543 226
219 523 220
219 561 523
220 551 388
523 551 220
545 550 221
221 549 548
221 550 549
226 227 222
227 394 222
222 387 386
222 394 387
391 467 223
223 530 391
223 526 461
467 526 223
224 484 381
390 484 224
371 372 225
225 496 371
372 491 225
491 553 225
226 228 227
226 399 228
226 510 399
226 543 510
228 229 227
229 231 227
231 394 227
228 230 229
228 232 230
228 399 232
230 400 229
229 363 231
229 400 363
232 233 230
233 234 230
234 400 230
363 366 231
366 373 231
373 394 231
232 402 233
399 536 232
232 536 402
233 235 234
233 236 235
233 402 236
235 403 234
234 401 400
234 403 401
236 237 235
237 238 235
238 403 235
236 404 237
402 487 236
236 487 404
237 239 238
237 240 239
237 404 240
239 350 238
350 374 238
374 403 238
240 241 239
241 405 239
239 405 350
240 242 241
240 265 242
240 404 265
242 243 241
243 244 241
244 405 241
242 406 243
265 385 242
385 406 242
243 245 244
243 246 245
243 406 246
245 257 244
257 499 244
244 499 405
246 247 245
247 407 245
245 407 257
246 248 247
246 360 248
246 406 360
248 249 247
249 250 247
250 407 247
248 417 249
360 361 248
361 417 248
249 251 250
249 252 251
249 417 252
251 256 250
256 500 250
250 500 407
252 253 251
253 433 251
251 433 256
252 254 253
252 392 254
252 417 392
254 255 253
255 258 253
258 433 253
254 409 255
392 393 254
393 409 254
255 259 258
255 260 259
255 409 260
433 434 256
434 435 256
435 500 256
407 544 257
447 448 257
257 544 447
448 499 257
259 438 258
258 498 433
438 498 258
260 261 259
261 264 259
264 438 259
260 262 261
260 479 262
409 479 260
262 263 261
263 436 261
261 436 264
262 266 263
262 353 266
262 479 353
266 267 263
267 268 263
268 436 263
436 476 264
264 439 438
264 476 439
265 463 385
404 540 265
265 540 463
266 492 267
353 473 266
473 492 266
267 269 268
267 431 269
267 492 431
269 270 268
270 364 268
364 436 268
269 271 270
269 272 271
269 431 272
271 426 270
270 365 364
270 426 365
272 273 271
273 427 271
271 427 426
272 274 273
272 280 274
272 431 280
274 275 273
275 276 273
276 427 273
274 415 275
280 486 274
274 486 415
275 277 276
275 278 277
275 415 278
277 349 276
349 382 276
382 427 276
278 279 277
279 425 277
277 425 349
278 281 279
278 342 281
278 415 342
281 282 279
282 283 279
283 425 279
431 452 280
452 453 280
453 486 280
281 416 282
342 495 281
281 495 416
282 284 283
282 285 284
282 416 285
284 384 283
384 515 283
283 515 425
285 286 284
286 418 284
284 418 384
285 287 286
285 351 287
285 416 351
287 288 286
288 289 286
289 418 286
287 420 288
351 370 287
370 420 287
288 290 289
288 291 290
288 420 291
290 357 289
357 358 289
358 418 289
291 292 290
292 421 290
290 421 357
291 293 292
291 367 293
291 420 367
293 294 292
294 295 292
295 421 292
293 423 294
367 368 293
368 423 293
294 296 295
294 297 296
294 423 297
296 345 295
345 378 295
378 421 295
297 298 296
298 424 296
296 424 345
297 299 298
297 443 299
423 443 297
299 300 298
300 301 298
301 424 298
299 413 300
299 414 413
299 443 414
300 302 301
300 304 302
300 413 304
302 303 301
303 478 301
301 478 424
302 428 303
304 305 302
305 428 302
428 534 303
445 449 303
303 534 445
449 478 303
304 306 305
304 483 306
413 483 304
306 307 305
307 308 305
308 428 305
306 346 307
306 369 346
306 483 369
307 309 308
307 422 309
346 422 307
309 310 308
310 490 308
308 490 428
309 311 310
309 312 311
309 422 312
311 362 310
362 450 310
450 490 310
312 313 311
313 481 311
311 481 362
312 314 313
312 412 314
312 422 412
314 315 313
315 410 313
410 481 313
314 316 315
314 322 316
314 412 322
316 317 315
317 318 315
318 410 315
316 432 317
322 480 316
316 480 432
317 319 318
317 320 319
317 432 320
319 395 318
395 396 318
396 410 318
320 321 319
321 429 319
319 429 395
320 323 321
320 344 323
320 432 344
323 324 321
324 325 321
325 429 321
412 531 322
322 458 457
457 480 322
322 531 458
323 430 324
344 383 323
383 430 323
324 326 325
324 327 326
324 430 327
326 355 325
355 356 325
356 429 325
327 328 326
328 411 326
326 411 355
327 329 328
327 354 329
327 430 354
329 330 328
330 331 328
331 411 328
329 441 330
354 359 329
359 441 329
330 332 331
330 333 332
330 441 333
332 343 331
343 397 331
397 411 331
333 334 332
334 437 332
332 437 343
333 335 334
333 379 335
333 441 379
335 336 334
336 337 334
337 437 334
335 408 336
379 380 335
380 408 335
336 338 337
336 339 338
336 408 339
338 440 337
337 485 437
440 485 337
339 340 338
340 347 338
347 440 338
339 341 340
339 471 341
408 471 339
341 442 340
340 348 347
340 442 348
341 467 442
341 526 467
471 526 341
415 538 342
459 464 342
342 538 459
464 495 342
343 444 397
437 541 343
343 541 444
344 456 383
432 533 344
344 533 456
345 446 378
424 528 345
345 528 446
369 460 346
346 488 422
460 488 346
348 371 347
371 552 347
347 552 440
348 372 371
348 547 372
442 547 348
349 475 382
425 569 349
349 569 475
350 470 374
405 567 350
350 567 470
351 462 370
416 554 351
351 554 462
353 537 473
354 455 359
430 573 354
354 573 455
355 469 356
411 580 355
355 580 469
356 578 429
469 519 356
519 578 356
357 398 358
357 575 398
421 575 357
398 508 358
358 568 418
508 568 358
359 576 441
455 513 359
513 576 359
360 465 361
361 581 417
465 520 361
520 581 361
362 539 450
363 565 366
400 517 363
517 565 363
365 577 364
364 476 436
364 577 476
426 482 365
482 532 365
532 577 365
366 377 373
366 565 468
367 477 368
368 555 423
477 512 368
512 555 368
369 542 460
462 514 370
496 552 371
372 516 491
372 547 516
377 551 373
373 507 394
373 551 507
470 521 374
375 566 545
376 390 377
376 484 390
377 389 388
388 551 377
377 390 389
378 575 421
446 505 378
379 493 380
441 576 379
380 572 408
493 502 380
502 572 380
475 529 382
383 573 430
456 504 383
418 568 384
419 515 384
463 511 385
394 524 387
524 564 387
387 564 559
391 474 467
392 501 393
417 581 392
393 579 409
501 506 393
506 579 393
395 503 396
429 578 395
396 574 410
396 503 497
497 574 396
397 580 411
444 509 397
401 517 400
472 517 401
402 466 454
454 487 402
402 536 466
487 540 404
499 567 405
500 544 407
408 572 471
409 579 479
410 574 481
422 488 412
488 531 412
414 571 413
413 571 483
443 518 414
414 518 489
489 571 414
486 538 415
495 554 416
423 555 443
478 528 424
515 569 425
490 534 428
431 492 452
480 533 432
433 498 434
434 570 435
485 541 437
439 494 438
476 527 439
439 527 494
451 485 440
467 474 442
452 546 453
461 526 471
507 523 522
507 551 523
